"species","x","y","CalciteMean","CurrentVelocityMax","CurrentVelocityMin","NitrateMean","ParMean_BOv22","pH_BOv22","PhosphateMean","PrimaryProductivityMean","b1_EastWestAspect","b10_MaximumMonthlySSS","b12_AnnualVarianceSSS","b15_SSTwarmestIceFreeMonth","b2_NorthSouthAspect","b3_PlanCurvature","b5_DistancetoShore","b6_BathymetricSlope","b7_Concavity","bathymetry_30s"
"background",1,1,0.000100999997812323,1.84234261512756,0.0845463424921036,0.632596,30.306999206543,8.25599956512451,0.047268,0.00985,45.6574058532715,3592.46728515625,102.90892791748,2747.53076171875,-48.8323822021484,0.0116598075255752,476.0927734375,3.08497190475464,-0.215706452727318,-4761.65185546875
"background",2,2,7.69999969634227e-05,0.599642872810364,0.0128464084118605,0.077952,43.6389999389648,8.15200042724609,0.000275,0.00033,69.3816909790039,3686.6943359375,1188.58642578125,2959.72436523438,43.2788047790527,-0.930041134357452,96.5462951660156,23.1141967773438,1.59259259700775,-1354.95166015625
"background",3,3,7.50000035623088e-05,0.442654013633728,0.0111519163474441,0.05885,38.8079986572266,8.21000003814697,0.007731,0.002824,0.298010975122452,3663.82104492188,50.9982872009277,2778.17651367188,-27.4924545288086,2.12757205963135,159.639923095703,13.939642906189,1.39574754238129,-4623.7265625
"background",4,4,8.29999989946373e-05,1.14165210723877,0.0718881860375404,0.322509,42.1679992675781,8.14000034332275,2.8e-05,0.000192,-30.4969139099121,3656.60522460938,969.031677246094,2970.9951171875,-74.7488555908203,0.335505247116089,287.256072998047,2.13065838813782,0.53074985742569,-3627.06469726562
"background",5,5,7.20000025467016e-05,0.365402609109879,0.0541910529136658,0.03831,44.6879997253418,8.23499965667725,1.9e-05,0.000116,-33.9870834350586,3666.83520507812,123.620826721191,2878.81909179688,48.6714668273926,0.23639689385891,47.000114440918,29.6866703033447,-5.70953369140625,-1874.61926269531
"background",6,6,0.000176000001374632,0.43829932808876,0.0112344743683934,0.029403,43.7239990234375,8.22299957275391,0.000321,0.000738,-59.2595252990723,3647.28735351562,123.556129455566,2932.77954101562,-9.4063024520874,4.73670148849487,62.0341796875,20.6982173919678,-0.701950907707214,-478.049957275391
"background",7,7,0.000563999987207353,0.226212978363037,0.00960302352905273,0.003394,45.4039993286133,8.16300010681152,0.002565,0.004099,11.347508430481,3648.66162109375,332.526763916016,2802.3818359375,61.0668716430664,0.0488111563026905,40.5785331726074,0.240169182419777,0.0636716932058334,-22.8679695129395
"background",8,8,5.60000007681083e-05,0.580396234989166,0.0619438104331493,0.016822,45.6059989929199,8.19600009918213,0.002093,0.000617,42.7627258300781,3635.79248046875,2227.32421875,2873.52612304688,-43.6492919921875,-4.836838722229,83.0162734985352,66.7880249023438,2.34365940093994,-4707.9560546875
"background",9,9,0.000109000000520609,0.46914604306221,0.0314497351646423,0.029333,43.75,8.22500038146973,0.000397,0.000665,-54.551097869873,3649.74194335938,142.746719360352,2925.25732421875,35,-0.0846669748425484,42.5679779052734,3.42005801200867,-1.24718034267426,-562.29833984375
"background",10,10,0.000161000003572553,0.581708490848541,0.0232456456869841,0.959936,31.7040004730225,8.19600009918213,0.113675,0.011929,-15.2610883712769,3398.50219726562,409.040008544922,2371.0263671875,-72.4218139648438,-1.35459530353546,153.158432006836,48.8963203430176,3.95941925048828,-754.958618164062
"background",11,11,8.19999986561015e-05,0.635540366172791,0.0613870918750763,0.015234,40.5299987792969,8.20800018310547,0.000444,0.000518,2.39746236801147,3659.9892578125,141.110427856445,2898.93139648438,51.4002075195312,0.141860991716385,176.907867431641,4.89849090576172,-1.6422039270401,-4942.78759765625
"background",12,12,0.0220110006630421,0.227469682693481,0.0363385006785393,12.966999,38.2400016784668,8.09099960327148,0.001152,0.017005,-6.84567880630493,3447.26293945312,11372.9697265625,2977.2578125,22.5970516204834,0.0257201641798019,8.78772258758545,0.00171467766631395,0.0613854601979256,-2.26783275604248
"background",13,13,0.000117000003228895,0.357767313718796,0.0375799238681793,1.193035,39.3969993591309,8.12100028991699,0.000292,0.000921,23.5679016113281,3618.00927734375,8489.9892578125,2952.517578125,-34.2623443603516,-1.9300411939621,180.453704833984,12.3652267456055,-0.63991767168045,-288.919738769531
"background",14,14,7.999999797903e-05,0.856415033340454,0.0526528432965279,0.477895,41.1059989929199,8.14500045776367,2.2e-05,0.000145,-0.827465295791626,3636.58813476562,1105.49108886719,2971.67797851562,-28.8783340454102,-0.118046030402184,380.162322998047,3.75281977653503,0.739102244377136,-3635.41040039062
"background",15,15,9.60000033956021e-05,0.509735763072968,0.0789933651685715,0.066625,46.8489990234375,8.20800018310547,0.009216,0.000919,35.1121406555176,3564.01025390625,2367.57397460938,2885.85083007812,49.2602882385254,-4.30349779129028,136.742797851562,26.5637855529785,-2.74176955223083,-3322.45068359375
"background",16,16,8.70000003487803e-05,0.902826488018036,0.0469258166849613,0.203468,37.3170013427734,8.22299957275391,0.015368,0.005492,70.3569946289062,3669,155.996917724609,2793.83959960938,6.97839498519897,0.0977366268634796,449.782928466797,2.6903293132782,0.139917701482773,-5108.90625
"background",17,17,7.79999973019585e-05,0.683120608329773,0.0616816505789757,0.011328,41.2999992370605,8.21100044250488,0.000269,0.000319,-47.4639549255371,3661,136.644378662109,2905.42529296875,51.2080841064453,0.461591213941574,145.881729125977,3.11732196807861,0.674325585365295,-4754.154296875
"background",18,18,6.09999988228083e-05,0.509214580059052,0.062331534922123,0.019118,44.984001159668,8.21300029754639,0.000126,0.000177,6.95419883728027,3645,436.696624755859,2882.55712890625,-80.4409790039062,1.89974856376648,243.344009399414,10.4479885101318,2.04416251182556,-5386.14501953125
"background",19,19,8.70000003487803e-05,1.41582775115967,0.0914492681622505,0.357016,42.1479988098145,8.13199996948242,3.9e-05,0.000299,-13.4955415725708,3624.9423828125,1549.04284667969,2955.89086914062,-87.6659774780273,0.663580238819122,319.503784179688,1.5733882188797,-0.120370373129845,-3427.23583984375
"background",20,20,7.00000018696301e-05,0.579657912254333,0.0295045655220747,0.004754,40.4070014953613,8.23999977111816,0.001082,0.000734,60.9687919616699,3667.01025390625,91.832649230957,2855.32006835938,-5.72050762176514,0.31104251742363,527.607360839844,5.36899852752686,0.338134437799454,-5038.29833984375
"background",21,21,9.50000030570664e-05,0.579609096050262,0.087242417037487,0.069817,36.9869995117188,8.22599983215332,0.002184,0.003886,39.7732429504395,3630.86572265625,91.299690246582,2867.7724609375,-43.1409072875977,-0.129591524600983,292.911285400391,1.79995429515839,-0.134811773896217,-901.193664550781
"background",22,22,8.49999996717088e-05,0.588669121265411,0.0424605421721935,0.351254,36.859001159668,8.22900009155273,0.028542,0.005962,9.58824920654297,3662.7890625,54.156494140625,2742.73120117188,-40.7706909179688,-0.256782501935959,373.696472167969,0.982205450534821,-0.257925629615784,-5182.63427734375
"background",23,23,0.0054500000551343,0.201505675911903,0.0142460577189922,6e-05,46.0040016174316,8.17000007629395,0.006525,0.004282,-25.5057163238525,3733.74145507812,1981.97595214844,2851.24047851562,18.7622318267822,-0.0636716932058334,44.0883636474609,1.20541834831238,-0.00914494786411524,-13.8456792831421
"background",24,24,9.60000033956021e-05,0.678326189517975,0.0505308620631695,0.616306,34.2309989929199,8.25399971008301,0.046901,0.007098,-56.5939636230469,3658.86181640625,76.6650314331055,2719.14013671875,-44.6533699035645,0.937585711479187,364.729431152344,4.46521091461182,0.0438195392489433,-5176.4521484375
"background",25,25,8.70000003487803e-05,0.718926846981049,0.115628056228161,0.03296,41.2929992675781,7.93300008773804,0.000755,0.000528,84.985481262207,3634.79614257812,669.568359375,2858.86499023438,-41.0898857116699,-0.517642140388489,36.2297668457031,28.8204536437988,0.0114311845973134,-497.128967285156
"background",26,26,0.00699099991470575,0.643465220928192,0.0360738709568977,0.025451,43.4290008544922,7.98299980163574,0.002725,0.000787,30.9676494598389,3617.01586914062,213.863739013672,2877.49926757812,-67.5874481201172,-4.99737071990967,155.914260864258,87.3590545654297,6.88545942306519,-625.242431640625
"background",27,27,0.000315000012051314,0.236225485801697,0.048776526004076,0.00087,45.7319984436035,8.15900039672852,0.003782,0.003174,-45.0205764770508,3679.52563476562,1053.30480957031,2883.79663085938,48.8253326416016,0.362139910459518,64.9219284057617,1.21307730674744,-0.0196616370230913,-32.9423866271973
"background",28,28,6.80000011925586e-05,0.772218704223633,0.11490498483181,0.063796,46.0460014343262,8.17800045013428,0.009777,0.000989,78.1203689575195,3614,2440.51025390625,2899.14916992188,-30.5884780883789,0.229423865675926,314.419738769531,7.75720167160034,0.36419752240181,-4177.310546875
"background",29,29,6.90000015310943e-05,0.782760381698608,0.0613210462033749,0.019528,45.9249992370605,8.08699989318848,0.010141,0.001433,15.7921810150146,3616.46362304688,915.178100585938,2877.30419921875,-37.5997924804688,0.378143578767776,351.207702636719,2.68792867660522,-0.412208497524261,-4159.109375
"background",30,30,7.69999969634227e-05,0.623921811580658,0.0576746463775635,0.122322,38.0040016174316,8.22900009155273,0.010522,0.003963,-56.3708648681641,3669.021484375,106.748359680176,2800.82666015625,1.02674901485443,0.324455112218857,603.226989746094,7.13283014297485,0.953094065189362,-5334.99169921875
"background",31,31,6.09999988228083e-05,0.566803514957428,0.0619187876582146,0.046756,46.3709983825684,8.19900035858154,0.006431,0.00079,36.108024597168,3593.61840820312,2707.64404296875,2894.14086914062,-25.2633743286133,-7.20267486572266,177.248977661133,35.7232513427734,-4.74279832839966,-3718.26635742188
"background",32,32,6.80000011925586e-05,0.588183224201202,0.100593023002148,0.051833,46.5740013122559,8.20400047302246,0.00675,0.000847,-17.5289974212646,3584.66162109375,2533.02661132812,2888.77612304688,53.9472274780273,-3.24923801422119,186.535430908203,38.5911827087402,-17.6188468933105,-4107.31201171875
"background",33,33,6.29999994998798e-05,0.653465628623962,0.0704361647367477,0.053136,45.4700012207031,8.17800045013428,0.008674,0.000974,6.24691343307495,3607.34350585938,2027.97631835938,2890.91162109375,-33.0257186889648,0.316872417926788,248.503082275391,2.7695472240448,-0.365226328372955,-3836.13891601562
"background",34,34,8.19999986561015e-05,1.23644864559174,0.128665715456009,0.039943,43.6129989624023,8.21000003814697,0.000296,0.000587,-29.0281200408936,3633.77954101562,276.75341796875,2937.09497070312,88.3172149658203,-1.08127570152283,20.9876537322998,19.4338130950928,-6.03635120391846,-1875.71948242188
"background",35,35,6.50000001769513e-05,0.514251708984375,0.0249207299202681,0.023488,43.8559989929199,8.22299957275391,2e-05,0.000115,10.3859167098999,3653.185546875,86.8697967529297,2881.98974609375,-10.33962059021,2.44238686561584,414.790344238281,15.635687828064,0.254229545593262,-5606.93701171875
"background",36,36,0.000392999994801357,1.00627410411835,0.212518110871315,1.02713,48.2639999389648,8.07400035858154,0.038773,0.035047,49.1978721618652,3612.10180664062,13674.203125,2851.3583984375,38.1498641967773,0.310356646776199,25.8851165771484,1.79218101501465,0.122770920395851,-53.3539085388184
"background",37,37,0.000127999999676831,0.782159626483917,0.0853686034679413,0.183778,47.5400009155273,8.13099956512451,0.023166,0.006524,1.81687247753143,3634.87548828125,2250.98046875,2850.91674804688,97.8189315795898,1.19238686561584,50.6286010742188,28.55246925354,0.475308656692505,-3393.12036132812
"background",38,38,6.50000001769513e-05,0.488982081413269,0.035440593957901,0.013998,43.6980018615723,8.21000003814697,2e-05,0.000112,13.1574459075928,3655.984375,55.8837814331055,2861.56079101562,-20.4804153442383,0.0494208186864853,488.6630859375,0.0642051547765732,-0.0381420515477657,-5836.5185546875
"background",39,39,9.30000023799948e-05,0.855379164218903,0.14243158698082,0.214648,36.1749992370605,8.22799968719482,0.015655,0.005729,89.4233322143555,3657.79174804688,180.834701538086,2768.25146484375,39.0427513122559,0.00339125143364072,313.628509521484,8.36625480651855,-0.267108678817749,-4140.98779296875
"background",40,40,7.999999797903e-05,0.694813072681427,0.0380919463932514,0.498607,36.2849998474121,8.23400020599365,0.039498,0.006516,-29.0919075012207,3659,65.8401947021484,2727.37866210938,-8.51165962219238,3.54732513427734,139.543899536133,14.510630607605,-0.15226337313652,-4901.7392578125
"background",41,41,7.10000022081658e-05,0.451715171337128,0.00550015131011605,0.000439,40.8040008544922,8.21000003814697,0.00083,0.000297,-70.3048706054688,3672,20.2449703216553,2836.97387695312,24.0622997283936,-0.834590792655945,480.071105957031,9.32178783416748,-1.78520810604095,-5401.83203125
"background",42,42,0.000114000002213288,1.557577252388,0.109276168048382,0.018916,43.7430000305176,8.17300033569336,0.002212,0.003514,76.8650741577148,3623.32885742188,179.150207519531,2882.82202148438,-9.11976051330566,0.932975172996521,78.7823486328125,11.95774269104,0.274119794368744,-355.979125976562
"background",43,43,7.89999976404943e-05,0.416091859340668,0.0159113463014364,0.02667,42.6220016479492,8.23200035095215,1.8e-05,0.000112,-41.4216194152832,3665.9814453125,99.5844039916992,2898.7080078125,15.30544090271,15.68434715271,14.3404588699341,88.7819290161133,3.99698972702026,-1822.39514160156
"background",44,44,7.20000025467016e-05,0.597114324569702,0.0693494528532028,0.031445,43.8800010681152,8.23099994659424,2e-05,0.000111,-22.1874713897705,3663,111.356994628906,2879.41796875,79.5216064453125,-1.2053040266037,111.628028869629,9.41152286529541,-0.975194334983826,-5140.41259765625
"background",45,45,0.000246999989030883,1.89022529125214,0.0676975473761559,0.252,33.2569999694824,8.24600028991699,0.015377,0.010729,90.5785293579102,3523.59912109375,1685.294921875,2763.04565429688,-36.4190673828125,0.014403291977942,185.393341064453,7.71879291534424,-0.224622771143913,-2922.8759765625
"background",46,46,5.19999994139653e-05,0.515735745429993,0.0867681205272675,0.078127,47.3310012817383,8.17300033569336,0.015822,0.001732,49.5635566711426,3597.50366210938,2936.13696289062,2904.9931640625,-65.8672866821289,2.54515314102173,157.770126342773,17.0414943695068,0.470736175775528,-1348.5009765625
"background",47,47,0.0315820015966892,0.0481568612158298,0.00134512130171061,0.049546,43.5800018310547,8.09500026702881,0.000779,0.007594,2.58217239379883,3630.3203125,511.293731689453,2954.03369140625,48.7985610961914,-0.290168195962906,2.5880925655365,0.865560233592987,-0.0268907640129328,-4.83594226837158
"background",48,48,9.30000023799948e-05,1.46172666549683,0.120584018528461,0.356416,41.9099998474121,8.13000011444092,4.4e-05,0.000312,6.25788736343384,3619.59155273438,1571.08605957031,2956.55493164062,-91.6689529418945,0.405006855726242,342.404327392578,3.131915807724,-0.468564242124557,-3383.24462890625
"background",49,49,5.40000000910368e-05,0.831999897956848,0.0501797422766685,0.030951,47.8600006103516,8.12600040435791,0.0258,0.004348,13.9398717880249,3667.31982421875,443.601745605469,2859.83227539062,-87.0014114379883,-1.47488951683044,47.5571174621582,16.501256942749,-3.45172238349915,-1393.78918457031
"background",50,50,6.50000001769513e-05,0.495392858982086,0.0388805568218231,0.042828,45.0499992370605,8.22700023651123,1.8e-05,0.000135,30.4179248809814,3645.14990234375,578.353820800781,2878.19360351562,60.7065620422363,1.45839047431946,56.7909240722656,67.3389358520508,-7.86636924743652,-4671.55029296875
"background",51,51,7.79999973019585e-05,0.62517911195755,0.106165081262589,0.199974,42.4990005493164,8.16699981689453,3e-05,0.000139,-45.0486221313477,3684.96826171875,825.323669433594,2974.19287109375,-33.0955276489258,-0.16190367937088,266.317779541016,1.39441394805908,-0.391479969024658,-3754.04858398438
"background",52,52,0.0171549990773201,0.118810720741749,0.0144859189167619,26.2072,39.1290016174316,8.06999969482422,0.002985,0.042934,19.5375328063965,3473.99096679688,13686.9052734375,2948.03100585938,38.646614074707,0.0313648991286755,3.45964288711548,0.274844139814377,0.280622214078903,-2.86180019378662
"background",53,53,6.70000008540228e-05,0.561676561832428,0.0221243128180504,0.001552,41.1580009460449,8.24899959564209,0.000299,0.000193,38.463306427002,3668.9697265625,62.4139595031738,2874.23608398438,13.6949777603149,-8.04740142822266,682.831787109375,14.0075063705444,-11.1592741012573,-5339.8447265625
"background",54,54,8.60000000102445e-05,0.776602506637573,0.0937354862689972,0.047026,39.423999786377,7.92899990081787,0.000453,6e-04,72.4287872314453,3626.0546875,865.388061523438,2846.39135742188,-44.1991310119629,1.30544126033783,61.0465240478516,23.6553497314453,1.48491084575653,-747.528686523438
"background",55,55,6.70000008540228e-05,0.822357594966888,0.0758833214640617,0.027436,45.9150009155273,8.11400032043457,0.0105,0.001277,54.3478507995605,3615.51245117188,1167.80383300781,2872.03686523438,21.3081855773926,-1.05109739303589,307.462860107422,10.7005033493042,-0.607681751251221,-3029.87060546875
"background",56,56,0.000577000027988106,0.3079714179039,0.0324121825397015,11.530364,39.5120010375977,8.07100009918213,0.00079,0.006142,-0.117626883089542,3550.66162109375,11970.52734375,2940.392578125,-45.213306427002,0.101165980100632,76.1238021850586,0.68106997013092,0.271261990070343,-43.2760620117188
"background",57,57,0.00547000020742416,0.272382855415344,0.0101640177890658,0.01996,43.7509994506836,8.22999954223633,3.9e-05,0.000281,-26.9273738861084,3671,97.5965576171875,2947.8916015625,-2.31462430953979,0.00903063546866179,21.5450763702393,0.374104559421539,0.155006855726242,-3.67687845230103
"background",58,58,6.80000011925586e-05,0.57068145275116,0.0324304476380348,0.00409,41.7150001525879,8.24499988555908,0.000162,0.000156,64.4752731323242,3668,83.2450485229492,2874.3330078125,-16.3451461791992,0.00800182856619358,498.613128662109,0.446121007204056,-0.174249351024628,-5508.31298828125
"background",59,59,9.40000027185306e-05,0.649955928325653,0.0685396641492844,0.395129,40.1609992980957,8.18400001525879,1.9e-05,0.000112,27.1295909881592,3680.69897460938,2317.15551757812,2946.087890625,-57.4144172668457,6.06047105789185,115.732093811035,19.8231601715088,1.14281356334686,-1865.84741210938
"background",60,60,6.29999994998798e-05,0.976987600326538,0.0495151281356812,0.056199,45.8170013427734,8.22799968719482,0.000937,0.000626,5.59549427032471,3623.8623046875,1458.63110351562,2870.98046875,-37.0574760437012,-0.762488543987274,6.44515371322632,8.3776330947876,-0.947985649108887,-90.1982192993164
"background",61,61,0.000138999996124767,0.847577035427094,0.033033225685358,0.171486,49.0099983215332,8.11499977111816,0.02947,0.015543,-38.5128021240234,3653.80029296875,1617.66906738281,2795.85961914062,32.0216064453125,-4.27823495864868,22.1841564178467,27.2860088348389,-9.80155467987061,-1637.20532226562
"background",62,62,8.80000006873161e-05,0.58284056186676,0.0407781824469566,0.085626,38.7099990844727,8.23400020599365,0.008223,0.003698,6.16857194900513,3667.921875,77.7281646728516,2807.5537109375,-1.88766956329346,0.132601737976074,705.24609375,1.32331204414368,-0.146014332771301,-5415.02587890625
"background",63,63,6.6000000515487e-05,0.446780234575272,0.0448077023029327,0.032713,46.6689987182617,8.1899995803833,0.011378,0.001128,12.2053422927856,3615.04541015625,2985.55810546875,2909.93774414062,-74.3529586791992,-0.491388499736786,29.6937961578369,22.306812286377,-3.03947567939758,-1625.4072265625
"background",64,64,6.50000001769513e-05,0.480037242174149,0.021678552031517,0.000984,41.060001373291,8.22900009155273,0.000416,0.000242,-23.1772975921631,3670,27.394718170166,2848.79150390625,-24.9135799407959,0.852537751197815,565.431396484375,4.57544565200806,1.82201647758484,-5363.9013671875
"background",65,65,7.79999973019585e-05,0.623727381229401,0.0397890955209732,0.017008,43.7589988708496,8.11900043487549,0.001347,0.000629,1.66460907459259,3617.55932617188,161.46696472168,2905.08544921875,-71.1530609130859,-1.6828989982605,136.265090942383,88.1327133178711,16.9300403594971,-1879.01208496094
"background",66,66,8.70000003487803e-05,0.865209996700287,0.0319563783705235,0.160406,37.8230018615723,8.2209997177124,0.012131,0.00512,87.1364898681641,3668.0234375,147.539779663086,2807.81713867188,47.8343620300293,0.062071330845356,468.027099609375,13.2427988052368,-0.00308641977608204,-4281.92822265625
"background",67,67,0.00022000000171829,0.667730271816254,0.0724269077181816,1.010228,41.5209999084473,8.19600009918213,7.9e-05,0.001778,83.1505508422852,3669.53784179688,1524.55249023438,2917.4189453125,51.6481475830078,-0.591678082942963,33.9538192749023,37.4988555908203,-2.24839973449707,-925.493225097656
"background",68,68,6.90000015310943e-05,0.589093327522278,0.0202113408595324,0.004778,40.4029998779297,8.24400043487549,0.001204,0.000777,65.4822845458984,3668,86.6395721435547,2861.77294921875,-39.1425476074219,0.264288991689682,565.554748535156,1.14128947257996,0.189186096191406,-5399.77880859375
"background",69,69,9.20000020414591e-05,1.60859608650208,0.239429235458374,0.448895,40.5550003051758,8.11800003051758,0.000129,0.00053,22.6512718200684,3621.4599609375,3366.72729492188,2946.60620117188,20.2807884216309,1.12898182868958,317.769104003906,2.67501139640808,0.138241127133369,-2826.35131835938
"background",70,70,0.000232999998843297,0.368832945823669,0.0168918091803789,5.970297,39.9939994812012,8.07600021362305,0.001935,0.004174,-22.4758796691895,3667.19848632812,17018.625,2919.00903320312,-87.5510940551758,0.00857338774949312,59.3248748779297,2.52423405647278,0.219364419579506,-83.2848663330078
"background",71,71,7.79999973019585e-05,0.773520469665527,0.062265831977129,0.013654,43.7210006713867,8.17000007629395,0.000383,0.000359,-22.9068355560303,3613.33154296875,204.253814697266,2934.39575195312,27.7735862731934,-2.40066289901733,126.731483459473,10.9385766983032,-9.2340726852417,-4554.82763671875
"background",72,72,8.29999989946373e-05,0.506195724010468,0.0279937013983727,0.229182,37.5880012512207,8.22500038146973,0.019848,0.005232,-53.0270919799805,3661.99047851562,51.536922454834,2757.005859375,38.4439888000488,0.300411522388458,362.929595947266,2.26417469978333,0.224279835820198,-5173.57421875
"background",73,73,0.0053949998691678,0.479936122894287,0.0446981489658356,1.275501,46.5349998474121,8.00500011444092,0.005212,0.103403,-8.32380771636963,3666.79663085938,3895.58959960938,2866.50146484375,97.4189529418945,0.0977366268634796,12.751485824585,17.3856887817383,-1.41956257820129,-371.025604248047
"background",74,74,7.999999797903e-05,0.626800298690796,0.0617761984467506,0.152665,38.1749992370605,8.23200035095215,0.013789,0.004909,-31.4116363525391,3668.33544921875,62.6572151184082,2782.35693359375,-11.9925317764282,0.192043900489807,604.744750976562,0.894604504108429,0.0542600229382515,-5412.72119140625
"background",75,75,0.000108000000182074,0.527052760124207,0.0756505206227303,0.715164,39.8730010986328,8.19299983978271,2.6e-05,0.000349,93.0377197265625,3667.67431640625,1732.1787109375,2926.56518554688,-22.6169414520264,0.34053498506546,59.059326171875,16.2702331542969,-1.06035661697388,-1615.79357910156
"background",76,76,6.1999999161344e-05,0.758593738079071,0.105370655655861,0.046627,46.1430015563965,8.18599987030029,0.010099,0.001098,56.8403053283691,3588.90380859375,2709.87231445312,2887.53295898438,70.9996566772461,-1.52389121055603,81.045036315918,14.0560131072998,-3.56092810630798,-3256.99194335938
"background",77,77,8.3999999333173e-05,0.757813990116119,0.0746975839138031,0.083384,37.9280014038086,8.21500015258789,0.005866,0.004087,-16.6223526000977,3656.974609375,123.405197143555,2838.64794921875,-93.759147644043,0.510935842990875,437.546234130859,9.81866359710693,0.197264134883881,-4203.2060546875
"background",78,78,0.0180660001933575,0.0994113236665726,0.0069035729393363,0.463966,48.2070007324219,8.08899974822998,0.001685,0.019246,-15.8606538772583,3679,1642.14575195312,2908.91723632812,20.3176727294922,0.0178326480090618,30.948558807373,0.253772288560867,-0.0517832636833191,-18.9900550842285
"background",79,79,6.39999998384155e-05,0.770794451236725,0.0970814898610115,0.115508,46.8790016174316,8.17000007629395,0.014903,0.001487,-18.9354133605957,3611.74072265625,2315.888671875,2901.86108398438,-19.4891777038574,2.84003973007202,258.441741943359,8.4139232635498,4.34613609313965,-4230.09814453125
"background",80,80,7.30000028852373e-05,0.661989152431488,0.111504144966602,0.055507,44.8339996337891,8.20600032806396,0.005625,0.000874,-8.52076625823975,3603.39526367188,2183.2734375,2884.97119140625,68.3694915771484,1.44932174682617,164.081802368164,13.479043006897,2.01737546920776,-4619.64501953125
"background",81,81,0.00044299999717623,0.275388956069946,0.01785883679986,2.367496,39.2820014953613,8.12399959564209,0.000157,0.001159,27.8117275238037,3612.12231445312,15828.9248046875,2926.57006835938,-71.0761337280273,0.063786007463932,84.0339508056641,0.743827164173126,0.0853909477591515,-55.3827171325684
"background",82,82,6.1999999161344e-05,0.774404227733612,0.114979140460491,0.059533,46.0670013427734,8.16100025177002,0.011583,0.001129,24.2458839416504,3616.72436523438,2224.92944335938,2889.00366210938,-84.348762512207,0.538408756256104,239.065841674805,3.82441711425781,0.538408756256104,-4630.6259765625
"background",83,83,7.40000032237731e-05,0.765501797199249,0.0700741112232208,0.007909,42.132999420166,8.22299957275391,0.000155,0.00019,59.3904876708984,3667.0166015625,109.267944335938,2895.328125,-62.6035652160645,-0.148834019899368,215.585739135742,8.75914478302002,-0.724394142627716,-4981.05419921875
"background",84,84,7.20000025467016e-05,0.698407828807831,0.0787497162818909,0.028167,44.5340003967285,8.15200042724609,0.003188,0.000766,94.1435394287109,3616.56860351562,646.998840332031,2902.2890625,13.5761699676514,-0.764365196228027,132.764739990234,11.0537643432617,-2.37623834609985,-1648.76647949219
"background",85,85,0.00146699999459088,0.242050379514694,0.0483252964913845,0.024396,41.4589996337891,8.02600002288818,4.2e-05,0.000253,3.04218101501465,3617.07348632812,456.227142333984,2975.44140625,44.1713523864746,0.353680849075317,8.04412460327148,1.82041609287262,0.328646540641785,-19.6851844787598
"background",86,86,0.000108000000182074,1.3990113735199,0.15899246931076,0.824149,40.1150016784668,8.10999965667725,0.000255,0.000677,31.8941478729248,3604.55102539062,4335.39501953125,2948.876953125,-60.7477912902832,0.30166894197464,268.423553466797,2.72466087341309,0.401501297950745,-2833.84106445312
"background",87,87,6.80000011925586e-05,0.568546175956726,0.123489663004875,0.025981,43.3790016174316,8.23099994659424,2e-05,0.000109,55.8925476074219,3662.7626953125,99.8587112426758,2875.60424804688,39.4678802490234,0.25857338309288,149.794235229492,5.08699131011963,-0.212848648428917,-5265.23388671875
"background",88,88,5.7000001106644e-05,0.427288770675659,0.0523801743984222,0.015165,45.2630004882812,8.19999980926514,5e-04,0.000345,1.70023620128632,3637.62573242188,1186.3505859375,2888.23291015625,76.6164474487305,-0.428974241018295,143.510665893555,22.4264221191406,-2.34205913543701,-7239.8408203125
"background",89,89,8.49999996717088e-05,0.90974897146225,0.0579627268016338,0.315105,42.0470008850098,8.14700031280518,2.7e-05,0.000181,-24.3650741577148,3660.41137695312,557.421508789062,2972.54443359375,-11.8372964859009,0.106195703148842,276.996978759766,1.36979877948761,-0.315119653940201,-3749.36791992188
"background",90,90,8.19999986561015e-05,0.644843578338623,0.0401647426187992,0.015283,44.0820007324219,8.14999961853027,0.000425,0.000334,-54.4175033569336,3615,131.653137207031,2929.52026367188,-14.2102956771851,-2.5461437702179,232.184616088867,12.6169414520264,-6.67760229110718,-4555.61767578125
"background",91,91,6.90000015310943e-05,0.586111128330231,0.0271239429712296,0.01056,43.7280006408691,8.19900035858154,2e-05,0.000112,20.62619972229,3657.3154296875,73.1053924560547,2850.1025390625,53.9597625732422,-0.0952979698777199,503.219604492188,1.57003509998322,-0.175659194588661,-5853.5673828125
"background",92,92,9.50000030570664e-05,0.861035466194153,0.0574973002076149,0.266903,35.398998260498,8.22900009155273,0.020089,0.005859,50.9266128540039,3660.93139648438,256.770568847656,2764.33374023438,-54.1416320800781,0.436556935310364,320.319946289062,3.19238686561584,0.0507544577121735,-4843.48291015625
"background",93,93,8.49999996717088e-05,1.6710090637207,0.26976865530014,0.242569,41.0219993591309,8.13099956512451,0.000199,0.000565,41.1636962890625,3627.59887695312,3295.81494140625,2957.46069335938,59.0189743041992,0.551783263683319,387.77880859375,3.08264756202698,-0.225422948598862,-3181.12084960938
"background",94,94,7.999999797903e-05,0.371845722198486,0.0285625103861094,0.066312,38.7029991149902,8.22799968719482,0.007598,0.003504,-31.6289443969727,3662,56.803840637207,2778.82202148438,-35.3168716430664,-0.300754457712173,451.455749511719,1.87037038803101,-0.421124815940857,-5226.8828125
"background",95,95,7.79999973019585e-05,0.337989836931229,0.0580332763493061,0.016987,46.3089981079102,8.13399982452393,0.001196,0.000627,34.038143157959,3605.67358398438,214.411483764648,2920.20361328125,-78.872428894043,2.41685724258423,57.0516319274902,11.7258806228638,2.45694255828857,-1214.22802734375
"background",96,96,0.00232099997811019,0.310988426208496,0.0414569899439812,0.068073,41.7529983520508,7.95599985122681,0.000204,0.001193,-13.4878826141357,3635.21069335938,211.092590332031,2879.26098632812,-11.1320304870605,0.117626883089542,13.1282577514648,0.816415190696716,-0.158207595348358,-16.85791015625
"background",97,97,8.29999989946373e-05,0.525381624698639,0.0433068908751011,0.11196,38.2680015563965,8.21399974822998,0.011825,0.003818,-33.0474014282227,3660.87890625,55.1010131835938,2762.33740234375,23.8662166595459,0.200541079044342,115.930801391602,8.37113285064697,0.39193719625473,-4675.73193359375
"background",98,98,6.09999988228083e-05,0.549786746501923,0.0735840350389481,0.068383,46.9360008239746,8.19900035858154,0.011933,0.001077,-22.5205001831055,3555.40795898438,2114.12573242188,2890.72241210938,12.0772752761841,-2.20884776115417,108.319847106934,23.9057312011719,-6.35547161102295,-2865.669921875
"background",99,99,0.000146000005770475,0.571448981761932,0.022276284173131,0.959185,31.1030006408691,8.21599960327148,0.08093,0.012001,-26.078950881958,3435.7607421875,399.589050292969,2505.92578125,-85.2809753417969,0.241921961307526,208.270462036133,5.11004400253296,0.122732818126678,-2556.1884765625
"background",100,100,0.000404999998863786,0.286872684955597,0.0318824946880341,0.252487,35.1580009460449,8.26700019836426,0.014383,0.018448,36.0187072753906,3429.0068359375,2989.97143554688,2608.10961914062,2.07037806510925,0.307727485895157,78.2990798950195,1.39422345161438,0.826436519622803,-42.9699363708496
"background",101,101,6.39999998384155e-05,0.451169282197952,0.0713712051510811,0.02483,43.798999786377,8.23200035095215,1.9e-05,0.000109,10.6148834228516,3665.27099609375,86.118766784668,2887.787109375,65.946159362793,1.15454959869385,32.2921829223633,13.1224279403687,2.61728405952454,-4618.83740234375
"background",102,102,0.0164529997855425,0.183019727468491,0.0169302243739367,0.081543,42.2150001525879,8.08300018310547,0.00011,0.001812,-15.6551675796509,3622.52099609375,448.215972900391,2955.30102539062,52.0327110290527,-0.538517951965332,3.28092098236084,3.76232218742371,0.800328254699707,-21.0565929412842
"background",103,103,7.20000025467016e-05,0.61470365524292,0.0511879287660122,0.005441,41.6790008544922,8.22399997711182,0.000289,0.000231,63.9768714904785,3666.21875,111.58283996582,2887.31640625,-59.0583000183105,-0.138241127133369,290.902160644531,6.16072225570679,-0.173411071300507,-4758.31689453125
"background",104,104,7.40000032237731e-05,1.28307342529297,0.305228441953659,0.021524,43.3250007629395,8.16399955749512,0.001829,0.003335,24.3609962463379,3613.89526367188,323.490966796875,2911.59497070312,-67.5403518676758,4.63225889205933,37.445930480957,32.1502075195312,-0.635116577148438,-848.878967285156
"background",105,105,8.3999999333173e-05,0.80157995223999,0.0111642088741064,0.022695,48.9770011901855,8.11699962615967,0.03215,0.007356,-22.603946685791,3713.28930664062,573.369262695312,2841.42822265625,94.3348922729492,-2.32350254058838,55.8753242492676,26.1747455596924,-7.43415641784668,-677.966735839844
"background",106,106,5.2999999752501e-05,0.592740416526794,0.109871372580528,0.029601,46.0789985656738,8.19600009918213,0.003306,0.000643,-5.84202098846436,3617.41748046875,2796.39379882812,2876.5205078125,-57.309440612793,6.3343620300293,132.103790283203,47.5193176269531,-2.20610427856445,-5050.14599609375
"background",107,107,8.29999989946373e-05,0.850141406059265,0.0864955335855484,0.049951,43.3499984741211,7.96600008010864,0.00039,0.000351,3.09339284896851,3611.02270507812,382.804168701172,2869.11572265625,80.764518737793,0.236625507473946,148.996337890625,5.92512559890747,-0.689071774482727,-3087.38427734375
"background",108,108,0.000112000001536217,1.91453301906586,0.203650519251823,0.538303,30.4290008544922,8.25800037384033,0.039795,0.007935,39.6963500976562,3587.91967773438,334.213562011719,2772.56469726562,-37.5161933898926,0.571216285228729,449.375885009766,2.74958086013794,-0.0559365935623646,-4309.24169921875
"background",109,109,8.19999986561015e-05,0.616425931453705,0.0490004904568195,0.219694,37.4749984741211,8.22999954223633,0.018553,0.005554,-29.4562568664551,3668.15405273438,58.3576049804688,2771.90380859375,41.3668632507324,-0.889384269714355,539.334899902344,3.10429048538208,-0.154663920402527,-5372.583984375
"background",110,110,7.999999797903e-05,0.635220468044281,0.0626737400889397,0.129274,38.3450012207031,8.22700023651123,0.01082,0.004042,-42.8647689819336,3668.48461914062,112.439643859863,2805.90380859375,62.9572486877441,0.352766335010529,583.570861816406,3.36294007301331,-0.0571559220552444,-5314.44482421875
"background",111,111,8.3999999333173e-05,0.927541196346283,0.0526915080845356,0.229961,36.8520011901855,8.22799968719482,0.017857,0.005369,-0.513374507427216,3674.560546875,150.536926269531,2765.88012695312,-49.0580711364746,-0.283379048109055,492.742126464844,5.73971176147461,-0.0433241873979568,-5387.998046875
"background",112,112,0.000144000005093403,0.21075102686882,0.0118607496842742,0.004969,44.9440002441406,8.1569995880127,0.002279,0.002105,48.4154090881348,3653.98608398438,626.494140625,2898.09155273438,-6.55727005004883,0.00240054866299033,104.13801574707,0.69413959980011,-0.12901996076107,-54.6981391906738
"background",113,113,7.30000028852373e-05,0.659206867218018,0.02940958365798,0.004755,41.5940017700195,8.22999954223633,3e-04,0.000214,25.8519668579102,3667,103.058334350586,2880.00805664062,-19.6038341522217,0.22347965836525,332.728576660156,2.86313056945801,0.931755840778351,-5002.9638671875
"background",114,114,6.80000011925586e-05,0.462362796068192,0.0448049232363701,0.021047,43.5089988708496,8.22299957275391,2e-05,0.000112,74.8968124389648,3654,64.3141708374023,2870.74633789062,-46.1926155090332,1.84049689769745,483.867553710938,5.71372509002686,0.638812661170959,-5771.140625
"background",115,115,8.29999989946373e-05,0.800342202186584,0.187707990407944,0.026907,43.1360015869141,7.95499992370605,0.00131,0.000586,55.459114074707,3619,174.834365844727,2878.86450195312,47.4459686279297,-0.0772748067975044,46.085620880127,14.5606994628906,8.32719898223877,-749.918090820312
"background",116,116,5.80000014451798e-05,0.674435675144196,0.108046308159828,0.039031,46.2630004882812,8.1870002746582,0.007096,0.00091,82.0438995361328,3601.59741210938,2878.75512695312,2888.287109375,34.522632598877,-0.982510268688202,74.6965026855469,30.3991775512695,0.358710557222366,-3302.20703125
"background",117,117,5.40000000910368e-05,0.640769898891449,0.0670300051569939,0.047344,46.3330001831055,8.20199966430664,0.006128,0.000771,43.7667274475098,3593.9365234375,2731.25708007812,2890.37109375,4.13713598251343,-7.82506465911865,197.835586547852,34.2131538391113,-10.3470125198364,-4091.97143554688
"background",118,118,0.000132000001030974,0.46580183506012,0.0983855426311493,0.015938,43.4910011291504,8.16499996185303,0.000133,0.000252,4.99731349945068,3630.57861328125,420.358032226562,2894.15698242188,86.0475692749023,-3.2571873664856,4.94755935668945,61.2681045532227,12.0537548065186,-386.457916259766
"background",119,119,0.00778299989178777,0.248881876468658,0.040830310434103,8.529108,39.2639999389648,8.09700012207031,0.000413,0.004428,-30.6286010742188,3532.09252929688,15838.099609375,2982.095703125,-46.3683128356934,0.0555555559694767,31.7592601776123,0.00514403311535716,0.0308641977608204,-15.9022636413574
"background",120,120,0.000111000001197681,0.410904377698898,0.0414895713329315,0.049383,41.2700004577637,8.21000003814697,0.000323,0.001189,20.9513263702393,3644.84057617188,71.0149688720703,2937.00048828125,-82.1033325195312,5.5339207649231,6.68278980255127,40.243782043457,3.36447238922119,-600.423461914062
"background",121,121,0.000375000003259629,0.156499698758125,0.0209159515798092,0.094737,33.0579986572266,8.05099964141846,0.092337,0.007979,9.1742115020752,3365.56494140625,4639.7998046875,2379.20141601562,10.7347965240479,0.558870613574982,82.1287155151367,0.636716961860657,-0.0944215804338455,-34.7173080444336
"background",122,122,0.000118000003567431,2.05276322364807,0.362271755933762,0.511873,30.2649993896484,8.25599956512451,0.037625,0.008182,19.9952373504639,3571.39965820312,408.154235839844,2785.26806640625,-33.9258499145508,-0.460219472646713,421.638916015625,5.32449340820312,0.159922271966934,-4188.56201171875
"background",123,123,8.3999999333173e-05,0.432356268167496,0.0284287314862013,0.182571,37.8380012512207,8.22500038146973,0.016388,0.004997,5.283531665802,3662,52.3989486694336,2764.91723632812,-21.3920516967773,0.669791162014008,375.720886230469,1.8998247385025,0.866598069667816,-5241.45068359375
"background",124,124,7.89999976404943e-05,0.621616125106812,0.0910209640860558,0.010443,41.4519996643066,8.21300029754639,0.000248,0.000278,15.5887060165405,3661.01025390625,127.649024963379,2902.81225585938,2.22115540504456,0.672077417373657,140.979049682617,1.90378749370575,1.15984606742859,-4693.208984375
"background",125,125,7.00000018696301e-05,0.576912045478821,0.0691704750061035,0.068411,46.9259986877441,8.22200012207031,0.006739,0.000827,87.2104873657227,3569.14111328125,2461.81298828125,2879.45776367188,9.75362014770508,0.652796804904938,216.311187744141,35.2068672180176,-2.94943594932556,-4982.2529296875
"background",126,126,8.80000006873161e-05,1.68296110630035,0.328292697668076,0.138997,41.6529998779297,8.14700031280518,0.000317,0.000631,49.9075584411621,3631.041015625,2407.23388671875,2963.10083007812,-15.8841638565063,-0.0722069814801216,362.99951171875,1.19253921508789,-0.175925925374031,-3276.1767578125
"background",127,127,8.09999983175658e-05,0.97736781835556,0.0742920339107513,0.062352,44.9020004272461,7.98999977111816,0.001018,0.000621,13.025110244751,3609.97045898438,475.659698486328,2860.52661132812,27.888126373291,0.444901704788208,334.738861083984,2.89631915092468,-0.0691967681050301,-3869.79760742188
"background",128,128,0.00364200002513826,0.589909791946411,0.0304593220353127,0.027988,46.8839988708496,8.07999992370605,0.025349,0.007719,32.5042610168457,3668.83203125,2091.34204101562,2772.66235351562,47.8477668762207,-0.175533294677734,8.53289699554443,2.94189476966858,-0.678992450237274,-46.5543785095215
"background",129,129,6.80000011925586e-05,0.620657980442047,0.0835488364100456,0.261003,47.1259994506836,8.11999988555908,0.023778,0.006932,19.7736625671387,3605.91430664062,6976.0595703125,2900.21606445312,32.9523315429688,0.538751721382141,106.451301574707,4.57235956192017,-1.14574754238129,-2949.18139648438
"background",130,130,7.00000018696301e-05,0.593117237091064,0.0546412356197834,0.015167,42.6059989929199,8.23400020599365,2.1e-05,0.000106,70.2026748657227,3665,87.8100128173828,2882.91333007812,34.1457481384277,0.386488348245621,269.766815185547,2.06207132339478,0.710905373096466,-5509.4912109375
"background",131,131,0.000933000002987683,0.209922090172768,0.0366825088858604,0.001602,45.4659996032715,8.16499996185303,0.002848,0.001712,-53.528995513916,3708.81127929688,1324.48376464844,2897.07836914062,29.9865875244141,0.185642436146736,77.4498901367188,0.659807980060577,0.207780823111534,-26.184118270874
"background",132,132,6.50000001769513e-05,0.465050518512726,0.0682540684938431,0.014073,44.4620018005371,8.20199966430664,7.9e-05,0.00016,-20.913236618042,3641.712890625,335.471374511719,2868.6318359375,6.59533596038818,0.970431327819824,277.251586914062,8.07239723205566,-1.02225267887115,-5317.68310546875
"background",133,133,8.49999996717088e-05,0.469711780548096,0.0319369696080685,0.215347,37.7070007324219,8.2189998626709,0.019422,0.004944,5.27960681915283,3658.45190429688,55.5059432983398,2753.65478515625,27.9361000061035,3.87837219238281,159.189193725586,22.3559665679932,2.87414264678955,-4811.513671875
"background",134,134,8.60000000102445e-05,1.27577793598175,0.232330188155174,0.128209,33.6910018920898,8.25,0.005598,0.006588,66.8354263305664,3643.82446289062,454.242218017578,2854.7119140625,-72.0095291137695,0.23178631067276,155.581085205078,5.03215980529785,0.234758421778679,-3147.87963867188
"background",135,135,7.00000018696301e-05,0.717570185661316,0.0939454361796379,0.030887,41.7480010986328,7.93599987030029,0.000884,0.000557,75.7862396240234,3633.779296875,533.700500488281,2864.78369140625,-47.4987411499023,1.0317405462265,61.4785461425781,17.9272975921631,1.16384696960449,-291.451599121094
"background",136,136,5.2999999752501e-05,0.842446327209473,0.0800283029675484,0.029923,46.0730018615723,8.20300006866455,0.002996,6e-04,10.0069732666016,3613.79174804688,2824.90283203125,2877.41259765625,29.9636116027832,-1.66579031944275,203.983459472656,11.7057609558105,-0.759945154190063,-5296.88720703125
"background",137,137,6.90000015310943e-05,0.538136065006256,0.0121568785980344,0.003589,40.3769989013672,8.24600028991699,0.001105,0.000713,17.4634590148926,3667.99243164062,84.1178588867188,2855.73095703125,54.8654937744141,0.12574303150177,616.752563476562,0.732434093952179,-0.0193568058311939,-5455.60986328125
"background",138,138,0.000448000006144866,1.31022989749908,0.0489997267723083,0.273089,35.0559997558594,8.26200008392334,0.015116,0.016786,40.7629165649414,3494.01220703125,1956.81213378906,2662.06274414062,21.2606315612793,-3.73834013938904,86.5477828979492,44.5417251586914,-2.34842252731323,-1289.93334960938
"background",139,139,5.60000007681083e-05,0.555496215820312,0.0968470871448517,0.065144,46.8709983825684,8.17399978637695,0.01699,0.001794,-31.6879291534424,3551.81884765625,2440.69262695312,2887.88134765625,-43.7853240966797,0.489026069641113,95.8978042602539,11.7061042785645,0.134087786078453,-1660.72497558594
"background",140,140,9.10000017029233e-05,1.27104568481445,0.022904833778739,1.266467,40.8040008544922,8.11600017547607,0.000329,0.000777,34.8827171325684,3629.13891601562,6120.1513671875,2960.36108398438,-8.62345695495605,0.537037014961243,270.947540283203,2.07716059684753,0.481481492519379,-3228.3271484375
"background",141,141,6.80000011925586e-05,0.810255706310272,0.108361013233662,0.03368,43.2159996032715,7.9520001411438,0.001031,0.000507,-73.7615051269531,3618.73095703125,259.434356689453,2867.20678710938,-49.019889831543,2.10124230384827,24.5312080383301,30.3906803131104,3.68141293525696,-1060.63940429688
"background",142,142,6.29999994998798e-05,0.416320472955704,0.0392203778028488,0.043896,45.6539993286133,8.22500038146973,0.000346,0.000294,-29.9455490112305,3641.72485351562,985.067565917969,2879.88500976562,29.9023780822754,4.90634059906006,82.0951843261719,96.6424713134766,12.7323579788208,-2707.13891601562
"background",143,143,0.000110000000859145,0.66760241985321,0.0712882354855537,0.516464,39.5730018615723,8.18400001525879,4.7e-05,0.000413,72.6124801635742,3699.6884765625,3894.70654296875,2935.36254882812,42.2133445739746,0.221307724714279,59.2040863037109,12.790771484375,-2.56355738639832,-1382.52783203125
"background",144,144,7.40000032237731e-05,0.499818086624146,0.0285300835967064,0.01178,40.0279998779297,8.23900032043457,0.002033,0.001509,77.2482833862305,3666,87.8010940551758,2852.55102539062,60.7791481018066,0.174897119402885,598.519897460938,6.13854598999023,0.313100129365921,-5020.42626953125
"background",145,145,6.80000011925586e-05,0.409216910600662,0.0437322370707989,0.020868,43.3390007019043,8.22999954223633,2e-05,0.000108,73.1008224487305,3668.00854492188,81.3141326904297,2891.64672851562,35.9050064086914,-0.323388189077377,44.0240058898926,12.5240058898926,-0.597050726413727,-4819.89111328125
"background",146,146,7.00000018696301e-05,0.580299735069275,0.069865845143795,0.033116,43.7830009460449,8.22999954223633,2e-05,0.000112,30.1306591033936,3665,124.48754119873,2871.64404296875,51.9220390319824,0.168952897191048,115.259376525879,3.87414264678955,0.579446732997894,-5209.4765625
"background",147,147,8.80000006873161e-05,0.587960183620453,0.0358399786055088,0.068104,38.1520004272461,8.21399974822998,0.004491,0.003705,63.3864898681641,3650.11596679688,112.72290802002,2857.72436523438,-29.696159362793,0.226680383086205,389.600830078125,28.6536350250244,3.50445818901062,-3610.28466796875
"background",148,148,0.000368999986676499,0.284951001405716,0.019859666004777,0.018941,45.1549987792969,8.19400024414062,0.006304,0.000851,49.8489685058594,3628.66845703125,2869.09252929688,2873.90625,38.0092391967773,0.0604083575308323,2.8179783821106,2.46011710166931,1.59038615226746,-12.5560350418091
"background",149,149,6.39999998384155e-05,0.829006910324097,0.109696924686432,0.11014,47.0789985656738,8.17399978637695,0.014477,0.001414,-71.2286605834961,3607.4912109375,2479.97045898438,2901.4912109375,65.2241668701172,-0.0111644566059113,235.672988891602,19.9214305877686,-2.27091908454895,-4193.8046875
"background",150,150,8.70000003487803e-05,0.748076796531677,0.0510046370327473,0.50825,39.6389999389648,8.14500045776367,7.3e-05,0.000388,-11.132830619812,3647.71118164062,5151.3837890625,2946.099609375,63.7757186889648,1.24634206295013,151.035659790039,20.106538772583,2.3032693862915,-1061.08447265625
"background",151,151,0.00892299972474575,0.0870825573801994,0.0172573085874319,2.378131,32.9830017089844,8.08899974822998,0.063112,0.035937,6.98923826217651,3278.54638671875,8400.6728515625,2288.78100585938,-9.42546844482422,-0.129531651735306,5.88781118392944,1.9706871509552,-0.336844325065613,-17.1503524780273
"background",152,152,9.69999964581802e-05,0.944120347499847,0.0853466540575027,0.107812,45.4469985961914,7.99499988555908,0.000828,0.001107,-4.44787359237671,3623.14721679688,999.44921875,2857.69140625,93.1066513061523,0.146090537309647,180.305892944336,3.43106985092163,0.123799726366997,-3514.09521484375
"background",153,153,8.60000000102445e-05,0.967311143875122,0.0829088687896729,0.018673,43.8110008239746,8.05399990081787,0.002974,0.000867,16.9279842376709,3613.900390625,185.568923950195,2883.83715820312,49.463077545166,-0.0405807048082352,55.6066513061523,4.68472814559937,-0.845678985118866,-642.756530761719
"background",154,154,9.69999964581802e-05,0.86325877904892,0.130694225430489,0.198264,36.6269989013672,8.22399997711182,0.014559,0.005639,85.0555572509766,3661.7998046875,161.458847045898,2782.14086914062,51.5037727355957,0.159807950258255,358.274353027344,16.179012298584,-0.355624139308929,-3781.748046875
"background",155,155,9.30000023799948e-05,1.11429107189178,0.0891666933894157,0.705179,40.1640014648438,8.11499977111816,0.000191,0.000661,1.82064473628998,3569.12524414062,3158.84716796875,2959.53955078125,-47.1505470275879,4.26680374145508,215.391967773438,22.9609050750732,1.46227705478668,-1667.1484375
"background",156,156,6.09999988228083e-05,0.515503168106079,0.0482095517218113,0.040369,45.8629989624023,8.20300006866455,0.006142,0.000813,-33.6357650756836,3609.11987304688,3486.6025390625,2903.40966796875,-48.8752479553223,-0.925087630748749,88.0061721801758,10.1611032485962,-0.594421565532684,-4752.63330078125
"background",157,157,0.000155000001541339,0.229240298271179,0.0055139516480267,8.061102,39.7649993896484,8.0629997253418,0.002994,0.003963,-49.3384780883789,3606.92993164062,17644.421875,2933.58544921875,-66.920783996582,0.368312746286392,66.8806610107422,1.91460907459259,0.163580253720284,-132.659469604492
"background",158,158,8.70000003487803e-05,0.767979204654694,0.0831934586167336,0.139031,47.0779991149902,8.15499973297119,0.018342,0.002494,-64.7814331054688,3619.13647460938,1859.67785644531,2888.6591796875,-3.06275725364685,0.265051066875458,147.412811279297,3.438805103302,0.504000902175903,-3467.52783203125
"background",159,159,6.39999998384155e-05,0.571824252605438,0.0719732344150543,0.017874,44.8619995117188,8.21100044250488,0.000133,0.000176,-4.56447172164917,3644.03588867188,393.371063232422,2876.74291992188,19.2740058898926,3.35288071632385,251.724273681641,10.7427988052368,2.77572011947632,-5273.38232421875
"background",160,160,6.90000015310943e-05,0.517492830753326,0.0454378239810467,0.010009,41.8860015869141,8.24400043487549,3e-05,0.000107,-22.0980796813965,3665.57055664062,68.2112503051758,2879.244140625,-25.2335395812988,0.0548696853220463,428.351837158203,0.424554169178009,-0.0785322338342667,-5597.86669921875
"background",161,161,0.000111000001197681,0.159612774848938,0.0106435976922512,0.015626,43.4000015258789,8.2209997177124,2.4e-05,0.000176,-89.4060363769531,3658.5634765625,84.0596694946289,2925.85620117188,-30.7235946655273,-1.50925922393799,38.6299743652344,52.2692031860352,-15.5096025466919,-1275.33190917969
"background",162,162,8.80000006873161e-05,0.879225075244904,0.0669742822647095,0.185905,35.2490005493164,8.23299980163574,0.012949,0.005659,94.2345657348633,3651.55249023438,194.58024597168,2792.271484375,17.1574077606201,0.327160507440567,262.796295166016,8.36111068725586,0.388888895511627,-3721.11108398438
"background",163,163,6.90000015310943e-05,0.69062602519989,0.103657521307468,0.033195,44.6080017089844,8.16199970245361,0.002923,0.000722,11.4155235290527,3612.96752929688,663.448425292969,2887.7705078125,-81.32373046875,-1.06515777111053,117.994972229004,19.5233192443848,-1.92935526371002,-2370.6083984375
"background",164,164,0.000148000006447546,0.683131575584412,0.0535140819847584,0.070945,47.7150001525879,8.05200004577637,0.012334,0.00397,-29.8731136322021,3662.96337890625,2042.85119628906,2792.73364257812,94.3701400756836,-1.71079099178314,69.8007507324219,33.1141967773438,-0.542066752910614,-1383.23547363281
"background",165,165,7.40000032237731e-05,0.721491813659668,0.104335956275463,0.017905,43.6069984436035,8.10000038146973,0.000737,0.000512,-71.4230651855469,3613.99951171875,210.34831237793,2914.36108398438,58.5066299438477,-1.19707357883453,182.484344482422,53.6363754272461,-4.54218101501465,-3472.21240234375
"background",166,166,6.1999999161344e-05,0.559423387050629,0.100234508514404,0.087925,47.1730003356934,8.17300033569336,0.01542,0.001625,30.4796905517578,3599.0234375,2849.02783203125,2906.92016601562,63.6449851989746,-1.04865872859955,148.452484130859,14.2664232254028,-1.88412594795227,-1563.75317382812
"background",167,167,0.000104999999166466,0.431391805410385,0.0262083671987057,0.033849,41.1139984130859,8.20800018310547,0.000555,0.001387,61.0334167480469,3655.9873046875,111.059097290039,2914.13916015625,5.81271886825562,-7.89574766159058,16.8392391204834,27.1782112121582,-13.3062791824341,-1212.34497070312
"background",168,168,6.39999998384155e-05,0.685151100158691,0.09835434705019,0.039364,45.2159996032715,8.15499973297119,0.005385,0.000909,18.9873123168945,3597.80444335938,901.174194335938,2878.16333007812,33.923526763916,0.0116598075255752,193.940322875977,4.1611795425415,0.0325788743793964,-4291.67431640625
"background",169,169,6.90000015310943e-05,0.683372557163239,0.0503584444522858,0.06069,46.8959999084473,8.19799995422363,0.012268,0.001202,2.5076208114624,3560.20629882812,2349.69311523438,2885.97241210938,-6.68427085876465,-8.96795463562012,86.7990036010742,27.8772296905518,-18.9268779754639,-2601.10131835938
"background",170,170,7.69999969634227e-05,0.7902792096138,0.0868253707885742,0.018104,43.4140014648438,8.10099983215332,0.001079,0.000603,-36.9468460083008,3619.32568359375,192.099792480469,2896.2958984375,-1.01954734325409,-9.27537727355957,70.446159362793,52.5641288757324,-5.57578897476196,-5020.529296875
"background",171,171,0.000805000017862767,0.265579491853714,0.00173261051531881,0.003852,45.2360000610352,8.16300010681152,0.002451,0.004181,1.5982700586319,3650.2841796875,329.840606689453,2791.08203125,40.0895080566406,0.105243101716042,34.6490631103516,0.368846207857132,0.0768556594848633,-21.1982936859131
"background",172,172,0.000104999999166466,0.636180639266968,0.0566482394933701,0.020098,44.2779998779297,8.23299980163574,0.000467,0.000567,76.2179870605469,3673.57983398438,148.131317138672,2886.3779296875,22.7188911437988,0.158942043781281,9.88006687164307,44.1028938293457,2.51360607147217,-701.877380371094
"background",173,173,0.000468999991426244,0.264505177736282,0.0354971587657928,0.545471,34.1349983215332,8.19200038909912,0.020669,0.014717,60.9228401184082,3376.65649414062,5839.259765625,2531.72729492188,-36.3991775512695,0.535322368144989,63.9643363952637,0.685185194015503,0.0373799726366997,-44.2098770141602
"background",174,174,0.0012529999949038,0.318935930728912,0.0181994996964931,0.049825,43.0789985656738,8.02299976348877,5.9e-05,0.001046,-22.3951377868652,3638.65600585938,334.989593505859,2918.93505859375,-7.33992528915405,0.192424938082695,80.2360153198242,1.31340491771698,-0.0409236401319504,-12.8733425140381
"background",175,175,0.000310000003082678,0.267491221427917,0.0203008912503719,0.018729,45.3359985351562,8.14500045776367,0.000433,0.00047,40.9551124572754,3620.29418945312,563.298767089844,2904.58251953125,-43.1100044250488,0.35848194360733,14.7307195663452,29.556432723999,8.28772258758545,-190.164031982422
"background",176,176,6.39999998384155e-05,0.32131814956665,0.051763504743576,0.028584,45.4500007629395,8.1870002746582,0.008705,0.001059,15.7305936813354,3610.22192382812,2918.78588867188,2893.57299804688,-83.0433578491211,-1.62092936038971,12.5813884735107,32.7254028320312,-0.65471088886261,-481.762329101562
"background",177,177,7.40000032237731e-05,0.42727980017662,0.0246133506298065,0.009105,43.7360000610352,8.19400024414062,2e-05,0.000112,27.5459537506104,3656.9443359375,110.26782989502,2849.42016601562,-20.3172149658203,0.671467781066895,525.385437011719,4.91083669662476,1.209876537323,-5855.244140625
"background",178,178,7.50000035623088e-05,0.805508553981781,0.0578237920999527,0.055341,48.2849998474121,8.12800025939941,0.025777,0.005117,65.5313186645508,3673.67651367188,495.964447021484,2836.205078125,-26.6576366424561,4.17912673950195,8.42581176757812,44.0086860656738,1.43609964847565,-575.245422363281
"background",179,179,7.30000028852373e-05,0.546018958091736,0.0225332975387573,0.002459,42.0019989013672,8.20600032806396,0.000118,0.000127,43.8347053527832,3679,31.3895740509033,2859.74853515625,20.6769542694092,1.0034294128418,664.528137207031,9.79183769226074,0.520576119422913,-5617.255859375
"background",180,180,8.60000000102445e-05,0.333454638719559,0.0412884950637817,0.020972,43.1419982910156,8.05099964141846,8e-05,0.000188,43.8597793579102,3619.14404296875,392.210296630859,2910.98559570312,-33.2842178344727,0.880963265895844,49.9736709594727,32.7491226196289,0.163008689880371,-3829.09692382812
"background",181,181,0.000195000000530854,0.515605628490448,0.0584066547453403,0.101561,38.5050010681152,8.24600028991699,0.002496,0.00846,87.3598937988281,3621.66552734375,509.904998779297,2841.23388671875,-35.9384613037109,0.218564242124557,144.416625976562,4.04347658157349,1.20016002655029,-71.4071426391602
"background",182,182,0.000105999999505002,0.531479477882385,0.0977803394198418,0.555786,40.2910003662109,8.19200038909912,1.9e-05,0.000136,54.5068588256836,3660.5009765625,1332.05505371094,2924.45581054688,25.9371280670166,-3.87117052078247,95.8780288696289,13.4086647033691,-1.51337444782257,-2334.3251953125
"background",183,183,7.79999973019585e-05,0.469838738441467,0.00357052101753652,0.021378,39.6269989013672,8.23900032043457,0.003131,0.002155,-15.659008026123,3665,77.6520004272461,2833.81396484375,-7.7510290145874,0.781893014907837,690.6396484375,2.78890419006348,-0.85333788394928,-5415.8076171875
"background",184,184,0.000350999995134771,0.720519483089447,0.123188324272633,1.243706,41.3810005187988,8.19799995422363,7e-05,0.001621,45.0372657775879,3651.11108398438,1195.00854492188,2907.76440429688,86.7507629394531,-0.875323891639709,54.4859771728516,18.3180923461914,-3.39628100395203,-1433.78491210938
"background",185,185,9.00000013643876e-05,0.784886062145233,0.0316608101129532,0.501677,34.9900016784668,8.24699974060059,0.038358,0.00642,0.796258211135864,3661.57885742188,82.9024505615234,2730.12548828125,20.5578804016113,0.0915637835860252,403.831573486328,0.988340198993683,-0.287341862916946,-5281.77099609375
"background",186,186,7.79999973019585e-05,0.568042099475861,0.0218913946300745,0.066739,39.1599998474121,8.23400020599365,0.006588,0.003233,49.9845695495605,3666.5078125,90.8028106689453,2811.78051757812,-5.63145875930786,-0.379400998353958,680.06689453125,2.21707820892334,-0.70061731338501,-5401.38134765625
"background",187,187,0.00206499989144504,0.275702118873596,0.0344703644514084,0.003926,45.7869987487793,8.16100025177002,0.004968,0.005429,4.94135808944702,3695.8232421875,1297.21435546875,2762.96215820312,52.8361892700195,0.0390946492552757,25.5501823425293,0.364769101142883,-0.0458390489220619,-15.3030405044556
"background",188,188,9.00000013643876e-05,0.554861843585968,0.0390257947146893,0.661314,40.1669998168945,8.11999988555908,0.000306,0.000777,20.8034973144531,3603.68310546875,3826.73046875,2968.212890625,-18.2421131134033,-2.40775036811829,261.292175292969,24.9948558807373,-2.85356664657593,-1192.90161132812
"background",189,189,0.00360399996861815,0.300659984350204,0.0616973042488098,3.031496,39.4459991455078,8.13500022888184,0.000366,0.004797,67.9176177978516,3627.72607421875,26467.447265625,2874.96459960938,-47.0260620117188,0.179736316204071,22.6922340393066,0.146928817033768,0.0200426764786243,-24.8851547241211
"background",190,190,5.99999984842725e-05,0.462208032608032,0.0531374588608742,0.066141,47.3520011901855,8.17500019073486,0.01617,0.001735,87.6989059448242,3597.38500976562,3004.00854492188,2905.17602539062,9.69924545288086,7.83401918411255,162.300064086914,53.1556930541992,4.63408756256104,-1784.58227539062
"background",191,191,0.000106999999843538,0.704820513725281,0.046165443956852,1.257647,39.7919998168945,8.10799980163574,0.00025,0.000973,-44.864387512207,3540.79541015625,5840.97705078125,2968.232421875,-42.5927848815918,3.64601421356201,147.093200683594,16.8201866149902,0.333447635173798,-317.132019042969
"background",192,192,6.6000000515487e-05,0.488525927066803,0.0385147146880627,0.024921,45.0110015869141,8.2180004119873,0.000143,0.000193,-9.01223182678223,3648,506.888214111328,2878.21752929688,-86.902946472168,2.10528111457825,200.967529296875,11.4545040130615,4.67055320739746,-5547.5849609375
"background",193,193,0.000184999997145496,0.764609396457672,0.0828908681869507,0.375437,32.9850006103516,8.1850004196167,0.024745,0.013069,62.8126411437988,3449.04125976562,2719.60668945312,2552.91186523438,-21.9663543701172,0.182213082909584,204.696762084961,15.1388130187988,-3.02404356002808,-2446.55419921875
"background",194,194,7.999999797903e-05,0.574146211147308,0.0926973298192024,0.179764,42.5900001525879,8.16699981689453,3.4e-05,0.000148,-30.0394382476807,3686.5107421875,766.8291015625,2967.5859375,23.2745761871338,0.230224058032036,235.098770141602,3.13728857040405,-0.649634182453156,-3720.67236328125
"background",195,195,7.999999797903e-05,0.670238792896271,0.0258118137717247,0.410934,36.7389984130859,8.22999954223633,0.033645,0.006126,-28.4252395629883,3659,65.5908813476562,2736.51928710938,71.9314117431641,0.347393691539764,101.866256713867,4.06001377105713,0.0675582960247993,-4724.4140625
"background",196,196,0.00796299986541271,0.183761224150658,0.0257585253566504,0.015815,41.7809982299805,8.22399997711182,3.3e-05,0.000197,31.707691192627,3668.31274414062,89.2632141113281,2949.55712890625,39.7106399536133,-21.748966217041,2.57650399208069,40.4304389953613,9.4306468963623,-109.534217834473
"background",197,197,0.000151000000187196,0.245029434561729,0.018377922475338,0.008895,44.7750015258789,8.15900039672852,0.00174,0.002102,-3.44547319412231,3644.64208984375,422.133758544922,2903.4404296875,49.6409454345703,0.0349794253706932,101.556587219238,0.905349791049957,0.153292179107666,-52.2849807739258
"background",198,198,6.6000000515487e-05,0.803072333335876,0.103522174060345,0.021898,46.4179992675781,8.10299968719482,0.014572,0.001829,-33.4761085510254,3623.97875976562,1866.52807617188,2877.33056640625,-92.0618438720703,0.12139917910099,176.436904907227,14.8477363586426,0.461362600326538,-3542.09228515625
"background",199,199,7.10000022081658e-05,0.428708106279373,0.0235015507787466,0.000689,40.685001373291,8.23700046539307,0.000662,0.000295,72.8489151000977,3668,48.0176429748535,2843.49731445312,-22.5797901153564,0.362444758415222,548.930114746094,8.7261848449707,-0.401653707027435,-5001.0927734375
"background",200,200,9.30000023799948e-05,0.762259244918823,0.0240626819431782,0.518702,40.5349998474121,8.13099956512451,4.3e-05,0.000311,0.349070250988007,3631.05688476562,2490.14379882812,2971.31127929688,-21.5296440124512,-6.65435886383057,343.537658691406,40.3771896362305,-4.64113712310791,-1843.08935546875
"background",201,201,0.00028300000121817,1.03312194347382,0.177485793828964,0.615535,48.0900001525879,8.09099960327148,0.031748,0.023695,-10.7122774124146,3635.29809570312,9713.25390625,2839.48315429688,66.9362106323242,0.383058995008469,19.3957481384277,8.12860107421875,2.7705762386322,-107.873458862305
"background",202,202,7.69999969634227e-05,0.457755237817764,0.049685325473547,0.06526,46.367000579834,8.19799995422363,0.000643,0.000578,-26.0214138031006,3597.00048828125,624.380554199219,2894.01147460938,-95.1319885253906,-7.01295518875122,17.9863586425781,134.18830871582,-32.2049217224121,-3237.626953125
"background",203,203,0.00331899989396334,0.234783187508583,0.0484574288129807,0.720245,36.9500007629395,8.2810001373291,0.001805,0.017003,54.6008605957031,3576.54760742188,158.560699462891,2740.37133789062,-13.8603105545044,0.181412890553474,17.2274036407471,0.157483622431755,0.0481252856552601,-16.0446586608887
"background",204,204,0.000344000000040978,0.308329552412033,0.0159872844815254,0.524158,34.2140007019043,8.1899995803833,0.023385,0.016013,54.2623443603516,3385.037109375,5622.228515625,2535.91040039062,-36.4506187438965,0.172839507460594,72.064811706543,0.57407408952713,-0.00308641977608204,-50.8518524169922
"background",205,205,9.40000027185306e-05,0.755312621593475,0.00957278348505497,0.363489,35.4360008239746,8.23900032043457,0.028009,0.006937,-0.231329068541527,3672.97290039062,158.981826782227,2731.26000976562,-69.6648025512695,0.0896204859018326,611.166931152344,0.614959597587585,-0.0280445050448179,-5380.1318359375
"background",206,206,0.0143659999594092,0.174501836299896,0.0310391671955585,0.016768,42.101001739502,8.22000026702881,2.8e-05,0.000159,23.564416885376,3657.42553710938,86.5890731811523,2925.0087890625,-6.87080955505371,-6.42918920516968,5.88958215713501,23.7966461181641,8.90799808502197,-73.0143814086914
"background",207,207,0.00172699999529868,0.243660226464272,0.0417627356946468,4.216378,39.7140007019043,8.10200023651123,0.000103,0.001047,9.12254238128662,3538.60302734375,11120.4423828125,2981.98901367188,-38.8043365478516,-0.35859626531601,92.2353668212891,0.433089464902878,0.087600976228714,-36.8007164001465
"background",208,208,9.20000020414591e-05,0.713940739631653,0.0394040755927563,0.509624,34.6119995117188,8.25300025939941,0.038508,0.007304,4.65089178085327,3663.37622070312,142.310699462891,2713.60913085938,12.9074077606201,0.513717412948608,535.080261230469,1.69787383079529,0.723593950271606,-5299.4267578125
"background",209,209,7.20000025467016e-05,1.24569272994995,0.234895780682564,0.091902,43.5740013122559,8.2180004119873,0.000139,0.000492,-10.6015472412109,3636.81958007812,330.548950195312,2930.638671875,-66.6216659545898,0.0382182598114014,61.9373970031738,3.28177857398987,0.0679012313485146,-1577.98120117188
"background",210,210,0.000102999998489395,1.02931439876556,0.13589183986187,0.581926,33.25,8.26500034332275,0.043502,0.007844,5.19246292114258,3655.28735351562,198.250305175781,2700.03173828125,-18.1122550964355,1.59095406532288,604.559875488281,8.83215236663818,0.561499774456024,-4961.35302734375
"background",211,211,0.000182000003405847,0.422544181346893,0.0488879606127739,0.778996,31.8479995727539,8.20699977874756,0.063957,0.012733,8.47222232818604,3424.52734375,1107.98010253906,2494.55004882812,-88.0713272094727,0.656035661697388,209.407409667969,6.71124839782715,0.879629611968994,-2591.2255859375
"background",212,212,7.89999976404943e-05,0.190360993146896,0.0259404052048922,0.030538,43.9550018310547,8.22900009155273,0.000399,0.00051,-10.5740737915039,3648.74072265625,167.701232910156,2920.39501953125,79.3528060913086,0.295724749565125,46.5714836120605,1.77518665790558,0.0143270846456289,-457.990173339844
"background",213,213,7.00000018696301e-05,0.778915584087372,0.0586823709309101,0.037735,43.5029983520508,7.96000003814697,0.000934,0.000512,93.6121368408203,3614.205078125,285.496917724609,2876.1357421875,-12.1594648361206,-0.192386835813522,71.3453369140625,11.6107683181763,0.784636497497559,-2015.74243164062
"background",214,214,7.30000028852373e-05,0.638224303722382,0.0633381605148315,0.072887,45.3240013122559,8.23700046539307,1.7e-05,0.000125,24.5832195281982,3667.19946289062,291.204040527344,2871.96044921875,-3.21204853057861,-0.367283940315247,77.3430480957031,5.02331972122192,-0.243598535656929,-4141.345703125
"background",215,215,8.09999983175658e-05,0.481352627277374,0.0249798111617565,0.028431,39.4739990234375,8.22500038146973,0.004423,0.002324,6.13031530380249,3663,54.3086051940918,2794.28735351562,7.10932016372681,0.320949554443359,385.027130126953,3.34773659706116,1.64605247974396,-5136.134765625
"background",216,216,8.80000006873161e-05,0.521042108535767,0.0238960441201925,0.069215,38.9669990539551,8.22200012207031,0.001207,0.003519,-1.9351851940155,3627.41967773438,89.1203689575195,2888.20678710938,5.19135808944702,0.317901223897934,209.861114501953,0.192386835813522,-0.0792181044816971,-799.368286132812
"background",217,217,7.50000035623088e-05,0.755861163139343,0.0975904017686844,0.02449,45.4020004272461,8.11800003051758,0.005573,0.000985,24.4341564178467,3613.7451171875,625.001342773438,2884.04028320312,-69.327278137207,-1.53669404983521,223.292175292969,17.3720855712891,-4.83424806594849,-2859.265625
"background",218,218,0.000214999992749654,0.27874743938446,0.0355814509093761,0.004795,45.1370010375977,8.16300010681152,0.002472,0.003282,-37.9220008850098,3644.7060546875,342.264312744141,2844.634765625,22.6732196807861,0.31294772028923,72.6130523681641,0.680727005004883,0.327274799346924,-33.2320137023926
"background",219,219,7.00000018696301e-05,0.498872339725494,0.0374636463820934,0.052439,44.8639984130859,8.21700000762939,0.002328,0.000706,-35.0315895080566,3603.42163085938,1585.337890625,2889.32055664062,-35.5658073425293,11.694863319397,54.4148750305176,34.901538848877,0.0833333358168602,-3881.72509765625
"background",220,220,0.000108000000182074,1.31857979297638,0.0763742923736572,0.500447,32.0709991455078,8.25500011444092,0.037489,0.007053,82.6109619140625,3631.70263671875,510.116516113281,2724.56762695312,-33.6965026855469,0.131725341081619,493.717071533203,1.86804604530334,-0.145480871200562,-4366.7060546875
"background",221,221,0.000100999997812323,1.1252943277359,0.124693930149078,0.554807,33.382999420166,8.25899982452393,0.041707,0.007657,6.52126216888428,3659.66552734375,214.812072753906,2704.73413085938,-12.65123462677,1.60150897502899,615.394348144531,14.1778688430786,-3.9156379699707,-5100.1279296875
"background",222,222,8.09999983175658e-05,0.456965535879135,0.0228776074945927,0.125243,38.2319984436035,8.21599960327148,0.01267,0.003956,12.2522096633911,3660,54.8109664916992,2767.4765625,11.1585121154785,2.23220539093018,172.975036621094,7.41845750808716,2.09495496749878,-4825.57177734375
"background",223,223,7.00000018696301e-05,0.744947969913483,0.116413250565529,0.035448,44.8359985351562,8.15499973297119,0.003701,0.000772,-31.1160640716553,3606.74389648438,700.488464355469,2888.7412109375,-57.8340187072754,7.15847444534302,132.759719848633,19.5672912597656,12.4975233078003,-2547.76025390625
"background",224,224,0.00708999997004867,0.242465600371361,0.0195073150098324,0.015942,43.4970016479492,8.22799968719482,3.3e-05,0.00034,-10.2730150222778,3667.95166015625,113.55052947998,3003.18139648438,30.1563777923584,-0.00194330129306763,64.3453369140625,0.179431483149529,0.0940786451101303,-2.59739375114441
"background",225,225,5.50000004295725e-05,0.703917980194092,0.125696405768394,0.070885,46.2879981994629,8.17800045013428,0.010929,0.001041,-11.856424331665,3614.68530273438,2663.34594726562,2903.63598632812,38.9109497070312,0.319272965192795,307.422027587891,2.66712403297424,-0.403177857398987,-4561.43701171875
"background",226,226,0.000118000003567431,0.698537290096283,0.0499503090977669,0.651757,39.5270004272461,8.14700031280518,6e-05,0.000467,80.0785293579102,3662.7900390625,6610.71044921875,2931.8818359375,2.25365805625916,9.36522674560547,104.739715576172,23.1559219360352,2.51840424537659,-598.527404785156
"background",227,227,6.70000008540228e-05,0.421086311340332,0.0107861440628767,0.032484,45.1160011291504,8.22200012207031,0.000124,0.000196,8.09259223937988,3648.34814453125,530.02685546875,2878.35424804688,-91.1890716552734,0.449588477611542,166.24577331543,20.0461826324463,2.37585735321045,-5758.90478515625
"background",228,228,9.30000023799948e-05,0.880564510822296,0.0143520850688219,0.275332,36.8740005493164,8.23099994659424,0.022067,0.005482,-32.0802459716797,3674.02197265625,94.7517166137695,2761.75830078125,-6.61762666702271,0.0733882039785385,621.743469238281,0.699245512485504,-0.015089163556695,-5412.794921875
"background",229,229,6.50000001769513e-05,0.838425636291504,0.0862780958414078,0.01955,45.0750007629395,8.02499961853027,0.004325,0.001043,9.78326511383057,3615.72021484375,332.283721923828,2879.71704101562,-90.8412170410156,-0.418381333351135,164.843734741211,8.66255187988281,-2.86019659042358,-2331.60327148438
"background",230,230,9.10000017029233e-05,0.752354741096497,0.12105855345726,0.348838,40.3810005187988,8.17800045013428,1.9e-05,0.00011,75.3324203491211,3696.52270507812,2743.01953125,2945.541015625,-41.1662864685059,0.284636497497559,168.841064453125,5.83238077163696,-0.273357719182968,-2692.666015625
"background",231,231,8.09999983175658e-05,0.372422248125076,0.0142834102734923,0.084839,38.7070007324219,8.22399997711182,0.009194,0.003666,-13.6399173736572,3661.92700195312,55.5545272827148,2773.5791015625,-2.47325110435486,1.66358029842377,371.539093017578,4.98662567138672,0.288065850734711,-5157.12548828125
"background",232,232,7.50000035623088e-05,0.636665403842926,0.0622834600508213,0.038512,46.4990005493164,8.21399974822998,0.003138,0.000631,-14.8851165771484,3599.5791015625,2887.6337890625,2880.61669921875,-18.3902606964111,-0.425925940275192,285.338470458984,9.87414264678955,-2.38031554222107,-5643.7529296875
"background",233,233,6.6000000515487e-05,0.500430941581726,0.0301208551973104,0.024086,44.5709991455078,8.23299980163574,1.9e-05,0.00011,54.2586479187012,3667.86987304688,115.159614562988,2898.85327148438,-73.0166549682617,-3.33691501617432,28.710599899292,24.8917465209961,-4.33257102966309,-2253.61499023438
"background",234,234,6.80000011925586e-05,0.459905445575714,0.0113005014136434,0.000483,41.0989990234375,8.21000003814697,0.000632,0.000243,-22.8206443786621,3672,20.7573928833008,2838.19677734375,-46.9128952026367,0.0810851976275444,508.774353027344,2.62277102470398,-0.232853218913078,-5246.07421875
"background",235,235,8.3999999333173e-05,0.960519552230835,0.0255534145981073,0.268788,36.8660011291504,8.23099994659424,0.021841,0.005487,-35.4042434692383,3671.23364257812,74.8045272827148,2770.6533203125,16.2343769073486,0.111796982586384,574.857543945312,0.992760241031647,-0.443606168031693,-5418.1904296875
"background",236,236,6.80000011925586e-05,0.721087336540222,0.122367031872272,0.037908,45.132999420166,8.15799999237061,0.003819,0.000772,23.2311382293701,3601.94970703125,756.656372070312,2880.58911132812,-67.2163925170898,1.02743482589722,137.265090942383,15.8268175125122,-1.02914953231812,-4094.30151367188
"background",237,237,8.29999989946373e-05,1.39493632316589,0.355903893709183,0.132671,37.9339981079102,8.23400020599365,0.001376,0.005405,-87.6759262084961,3622.546875,183.822402954102,2921.39111328125,12.5057153701782,-0.04023776948452,211.859161376953,0.230452671647072,0.0391327552497387,-803.972595214844
"background",238,238,7.999999797903e-05,0.687527239322662,0.0381248667836189,0.452639,35.9609985351562,8.23600006103516,0.035737,0.006182,-18.1378593444824,3660,61.0828742980957,2733.4970703125,19.6015090942383,0.311271160840988,294.46044921875,3.58756279945374,-0.487997263669968,-5124.5166015625
"background",239,239,9.50000030570664e-05,0.301262348890305,0.0133510222658515,3.552063,40.3680000305176,8.10000038146973,0.001767,0.002238,-49.076587677002,3640.08276367188,10994.0322265625,2944.69482421875,-84.185302734375,0.436671227216721,157.88053894043,4.44695949554443,0.541952431201935,-295.985260009766
