"species","x","y","CalciteMean","CurrentVelocityMax","CurrentVelocityMin","NitrateMean","ParMean_BOv22","pH_BOv22","PhosphateMean","PrimaryProductivityMean","b1_EastWestAspect","b10_MaximumMonthlySSS","b12_AnnualVarianceSSS","b15_SSTwarmestIceFreeMonth","b2_NorthSouthAspect","b3_PlanCurvature","b5_DistancetoShore","b6_BathymetricSlope","b7_Concavity","bathymetry_30s"
"species",1,1,0.00815900042653084,0.392346024513245,0.0335419178009033,0.101154,40.523998260498,8.21700000762939,0.002763,0.014382,44.0910186767578,3642.49951171875,191.576278686523,2762.150390625,24.6336650848389,0.263167917728424,8.52230072021484,1.10373425483704,0.256381571292877,-10.7945251464844
"species",2,2,0.000261999986832961,1.63689184188843,0.136654108762741,0.293482,34.4119987487793,8.24899959564209,0.017431,0.014205,78.6841583251953,3485.41723632812,2227.50024414062,2658.1162109375,16.7283954620361,2.59602189064026,148.013381958008,12.2088479995728,1.88683128356934,-2151.68383789062
"species",3,3,0.00128099997527897,0.162034928798676,0.0283270832151175,0.396897,37.7960014343262,8.2810001373291,0.00133,0.012717,19.5443916320801,3584.8466796875,462.132995605469,2755.99682617188,3.26131677627563,-0.00800182856619358,42.2434844970703,0.132639840245247,-0.139003202319145,-20.3521957397461
"species",4,4,8.29999989946373e-05,0.597028493881226,0.056173138320446,0.075082,46.9550018310547,8.22799968719482,0.008372,0.000896,-9.72631645202637,3562.0849609375,2412.89819335938,2878.98901367188,-31.5753288269043,0.137123703956604,246.468154907227,3.23579096794128,0.336435049772263,-4858.06494140625
"species",5,5,7.10000022081658e-05,0.42676967382431,0.0336734317243099,0.029119,43.9930000305176,8.1899995803833,0.010201,0.001058,-58.1135101318359,3616.66040039062,2982.02905273438,2905.47631835938,-14.8477363586426,9.09979438781738,9.69855976104736,68.9454727172852,6.15534973144531,-743.222595214844
"species",6,6,9.89999971352518e-05,1.43364000320435,0.101241014897823,0.82818,40.2789993286133,8.10900020599365,0.000137,0.000544,61.2530860900879,3560.77465820312,3566.16040039062,2951.7099609375,-68.1697540283203,1.37962961196899,183.990737915039,9.80246925354004,1.32098770141602,-2059.54931640625
"species",7,7,0.000113000001874752,1.9616881608963,0.241760417819023,0.20158,32.9869995117188,8.25500011444092,0.010732,0.010968,77.523551940918,3552.13354492188,1268.16284179688,2869.4501953125,-39.3342475891113,0.537494301795959,123.065498352051,12.0405807495117,0.184613630175591,-2693.240234375
"species",8,8,0.000250000011874363,0.686383247375488,0.0637386590242386,0.366054,34.306999206543,8.22999954223633,0.023458,0.016209,35.5442390441895,3445.16552734375,3664.16040039062,2587.88671875,-32.9794235229492,2.79218101501465,142.80143737793,43.5113182067871,-2.59362149238586,-1663.423828125
"species",9,9,0.000184000004082918,1.85354483127594,0.0773100480437279,0.302998,33.1269989013672,8.2209997177124,0.02052,0.010304,85.2101058959961,3495.78735351562,2177.705078125,2625.89770507812,-43.3789825439453,0.354938268661499,242.146545410156,4.31016635894775,0.280368834733963,-2855.8896484375
"species",10,10,0.000100999997812323,0.604314982891083,0.0390799455344677,0.774689,39.5439987182617,8.13199996948242,0.000235,0.000744,65.0482025146484,3613.9873046875,14230.80078125,2952.76025390625,-41.1651802062988,0.722527027130127,132.091598510742,16.5482769012451,1.12501907348633,-777.668701171875
"species",11,11,0.000199999994947575,2.10831475257874,0.0621619410812855,0.220771,33.5699996948242,8.25699996948242,0.011713,0.012591,64.2657775878906,3533.80517578125,1466.5009765625,2843.17309570312,-39.4523315429688,0.904663920402527,111.870025634766,14.8295612335205,0.268175572156906,-2396.5849609375
"species",12,12,0.00036000000545755,1.95350980758667,0.144165188074112,0.246251,34.2229995727539,8.25500011444092,0.013661,0.013511,81.1718139648438,3509.90600585938,1772.18566894531,2720.4208984375,-19.7105617523193,-2.51234579086304,124.753540039062,12.3136720657349,-6.86019659042358,-2228.58251953125
"species",13,13,6.70000008540228e-05,0.635521531105042,0.0959786549210548,0.041798,43.9360008239746,8.17800045013428,0.014237,0.001523,-86.6024551391602,3594.50122070312,2990.82421875,2887.32983398438,-24.1317729949951,-6.15562152862549,3.98975348472595,105.255638122559,64.5183715820312,-959.56640625
"species",14,14,0.00959299970418215,1.12661993503571,0.273076474666595,0.024855,40.8330001831055,8.15799999237061,0.001734,0.004066,-6.34382295608521,3614.46215820312,332.002532958984,2913.328125,33.3328666687012,1.01682209968567,3.17354321479797,21.085391998291,9.21992969512939,-79.5638275146484
"species",15,15,0.000103999998827931,1.67913913726807,0.077524222433567,0.17382,34.0940017700195,8.26399993896484,0.007969,0.010971,55.4989700317383,3602.7353515625,1052.37109375,2875.23315429688,-71.0675582885742,0.297325104475021,60.5534973144531,46.2187919616699,-8.44307231903076,-2238.47119140625
"species",16,16,0.000913000025320798,0.192773252725601,0.0103071220219135,0.023613,44.3479995727539,8.1899995803833,0.007451,0.000952,28.1339817047119,3616.86962890625,2956.0830078125,2916.74609375,-47.8294677734375,-2.73160481452942,2.36043190956116,6.45564031600952,1.20198476314545,-22.3815994262695
"species",17,17,6.29999994998798e-05,0.470298886299133,0.0386191681027412,0.022212,45.6949996948242,8.19200038909912,0.007998,0.000956,-66.3839721679688,3623.025390625,2958.17333984375,2890.33056640625,23.8085651397705,2.69848346710205,26.7486667633057,13.571102142334,0.565919816493988,-564.907653808594
"species",18,18,0.000130999993416481,0.209876164793968,0.0344157554209232,0.02331,45.2639999389648,8.18900012969971,0.006419,0.000903,-0.094116747379303,3615.60668945312,2925.8720703125,2888.7470703125,-27.7167358398438,-0.590496897697449,9.58737277984619,36.0187835693359,-0.595336079597473,-296.739471435547
"species",19,19,0.00773900002241135,0.168450012803078,0.00838643684983253,0.478202,33.2529983520508,8.16699981689453,0.014716,0.011618,47.0302658081055,3303.845703125,7676.0537109375,2393.310546875,-2.63443922996521,0.288930505514145,3.61814403533936,0.603360235691071,0.114332459867001,-10.4170942306519
"species",20,20,0.0190399996936321,0.396812379360199,0.0359162464737892,0.022498,41.8810005187988,8.11100006103516,0.000378,0.000834,0.51111376285553,3623.390625,370.0595703125,2919.005859375,88.8728866577148,-0.143840879201889,6.38999652862549,0.273209869861603,0.210814073681831,-2.42156863212585
"species",21,21,0.00104200001806021,0.380741089582443,0.047175906598568,0.041015,45.1069984436035,8.17899990081787,0.010928,0.001236,42.7919044494629,3591.98999023438,2925.35717773438,2885.79809570312,35.4939460754395,-0.121794871985912,2.60754990577698,2.18459153175354,1.31528961658478,-7.01270198822021
"species",22,22,9.69999964581802e-05,0.649750471115112,0.039907731115818,0.579715,39.4339981079102,8.13000011444092,0.000249,0.000665,22.4045505523682,3622.49291992188,8501.9267578125,2957.63159179688,-67.2059936523438,0.732967555522919,187.734375,9.45850467681885,1.47367012500763,-1201.33337402344
"species",23,23,0.000392999994801357,0.356679856777191,0.0332917235791683,8.311262,39.4589996337891,8.08100032806396,0.000687,0.006304,38.8405342102051,3534.603515625,9141.63671875,2944.60473632812,-89.4815979003906,0.475422948598862,80.8967742919922,22.3217887878418,0.871170580387115,-719.274719238281
"species",24,24,0.000121999997645617,1.00112926959991,0.072857990860939,1.24979,39.9220008850098,8.10499954223633,0.000332,0.000999,-36.7853240966797,3532.80712890625,5274.828125,2955.67431640625,-58.7097625732422,-0.915866494178772,140.708389282227,13.4308414459229,-1.46993601322174,-835.234130859375
"species",25,25,0.000103999998827931,0.971742153167725,0.0676209405064583,1.134062,39.882999420166,8.10700035095215,0.000326,0.000964,31.6178932189941,3539.47973632812,4992.7998046875,2961.59033203125,-45.72900390625,1.67348730564117,148.802352905273,13.0417623519897,-3.56832027435303,-913.021484375
"species",26,26,0.000201999995624647,0.388170719146729,0.029066476970911,7.412558,39.6469993591309,8.07600021362305,0.001112,0.003451,17.2163925170898,3574.88256835938,11033.470703125,2941.50268554688,-96.4014663696289,0.136716961860657,115.355278015137,25.3832874298096,-3.4753086566925,-983.000427246094
"species",27,27,0.00386500009335577,0.261974513530731,0.0431408062577248,0.680062,36.2379989624023,8.29199981689453,0.00182,0.016103,20.7047729492188,3557.62573242188,340.7802734375,2724.46069335938,-22.4372024536133,0.374643862247467,1.48076927661896,0.742165267467499,0.610517561435699,-4.60208940505981
"species",28,28,5.80000014451798e-05,0.653294861316681,0.100311510264874,0.044711,46.2509994506836,8.1879997253418,0.007929,0.00093,76.4379272460938,3594.93872070312,2783.01000976562,2888.8984375,56.7283935546875,-0.141975313425064,89.2938995361328,30.7465705871582,7.30109739303589,-3882.53784179688
"species",29,29,8.49999996717088e-05,1.16258835792542,0.0587777011096478,0.500801,40.8720016479492,8.12899971008301,3.6e-05,0.000249,13.3323049545288,3627.41723632812,1316.51892089844,2966.91772460938,-58.9447860717773,-4.3292179107666,353.815155029297,28.0101737976074,-1.3492226600647,-2374.41528320312
"species",30,30,9.69999964581802e-05,1.29695475101471,0.079520046710968,0.761599,40.492000579834,8.10999965667725,0.00025,0.000514,-18.296106338501,3573.9609375,3283.85961914062,2949.79614257812,-65.5860748291016,-0.470355123281479,206.932586669922,9.26360321044922,0.439376622438431,-2137.06958007812
"species",31,31,9.10000017029233e-05,0.850341260433197,0.0460270121693611,0.909628,39.8740005493164,8.11100006103516,0.00025,0.00089,11.3624830245972,3553.30932617188,4452.50537109375,2964.61499023438,-38.2095336914062,0.0480109751224518,175.062408447266,13.606653213501,6.04972553253174,-972.337097167969
"species",32,32,0.000117000003228895,1.46658051013947,0.112040124833584,0.964122,40.2400016784668,8.10400009155273,0.000169,0.000611,-10.9701642990112,3545.5537109375,4411.6806640625,2954.42333984375,-81.7937088012695,0.123456791043282,145.443344116211,23.2775497436523,0.360920578241348,-1499.26940917969
"species",33,33,0.000103999998827931,1.53838586807251,0.102924175560474,0.980944,40.423999786377,8.10700035095215,0.00037,0.000641,82.1129760742188,3578.798828125,4242.6875,2945.09594726562,-43.7674903869629,0.991617143154144,219.647125244141,6.31820583343506,0.851889967918396,-2548.0439453125
"species",34,34,0.0156529992818832,0.321864783763885,0.0223558768630028,0.263801,34.3370018005371,8.28400039672852,0.004739,0.015371,5.52030849456787,3446.8173828125,2724.33178710938,2691.17114257812,65.3258743286133,0.0946244224905968,4.73617553710938,0.476042151451111,0.0529359206557274,-4.26228904724121
"species",35,35,0.000104999999166466,1.30273759365082,0.10549271851778,0.917123,40.515998840332,8.10499954223633,0.000307,0.000592,63.0006866455078,3553.62084960938,4158.427734375,2950.87768554688,-40.3260154724121,0.454389572143555,159.69352722168,5.62528562545776,0.50217193365097,-1736.96032714844
"species",36,36,9.40000027185306e-05,1.22379672527313,0.0750560462474823,0.59506,40.6259994506836,8.11499977111816,0.000127,0.000465,-31.997371673584,3577.115234375,2570.84741210938,2949.62158203125,-82.1651840209961,-1.86625516414642,245.8310546875,7.14563322067261,-2.42295384407043,-2673.12060546875
"species",37,37,0.00018600000475999,0.575689136981964,0.0282614566385746,3.523861,39.689998626709,8.08600044250488,0.000705,0.002005,45.401309967041,3558.09594726562,8161.5615234375,2949.43383789062,-70.6340484619141,1.39403295516968,127.761276245117,15.4087791442871,-1.1517299413681,-2116.32373046875
"species",38,38,0.0104849999770522,0.343543976545334,0.0128667429089546,0.537721,36.1529998779297,8.28400039672852,0.001329,0.013121,-11.8469276428223,3584.40625,784.711181640625,2726.11450195312,0.812747657299042,0.100570328533649,2.10544204711914,0.873118698596954,0.326380640268326,-6.16173839569092
"species",39,39,0.00014000000373926,1.22508239746094,0.0825938209891319,1.446179,39.8470001220703,8.10000038146973,0.000254,0.001015,9.56371021270752,3523.62426757812,5578.0625,2950.11669921875,-61.9473037719727,0.0476680397987366,113.349716186523,14.6387748718262,0.0424477979540825,-824.800598144531
"species",40,40,0.000153000000864267,1.30579853057861,0.0635425597429276,1.64907,39.6710014343262,8.09700012207031,0.000297,0.001184,54.2548027038574,3514.13232421875,6042.21923828125,2950.708984375,-55.1842308044434,-0.310928225517273,89.8306655883789,7.4895977973938,-1.6298201084137,-1088.12902832031
"species",41,41,0.00019399999291636,1.9058313369751,0.0713251978158951,0.253308,32.9119987487793,8.24499988555908,0.015639,0.010508,87.5096435546875,3528.22412109375,1631.23229980469,2769.650390625,-39.9080543518066,-0.186709344387054,194.34049987793,7.12136125564575,-0.573311984539032,-3028.77880859375
"species",42,42,0.000153000000864267,1.93593060970306,0.12209502607584,0.228358,32.9640007019043,8.25,0.013123,0.010736,81.4286727905273,3536.4541015625,1472.33056640625,2824.44140625,-40.0336074829102,0.213420212268829,159.580703735352,8.54698181152344,0.104595333337784,-2780.31298828125
"species",43,43,0.000241999994614162,1.86416792869568,0.15724940598011,0.223462,33.9739990234375,8.26099967956543,0.011517,0.013929,81.5476684570312,3530.0625,1528.34045410156,2817.28125,-31.3635883331299,3.49439883232117,85.0219879150391,47.0462188720703,-2.1361072063446,-1717.45837402344
"species",44,44,0.000118999996630009,1.4067702293396,0.0275411587208509,0.164721,34.8310012817383,8.26700019836426,0.007016,0.011185,28.8034973144531,3627.90844726562,925.390625,2854.77880859375,-38.9207801818848,-43.8539085388184,72.1107711791992,79.2544555664062,19.3504810333252,-524.391662597656
"species",45,45,0.000387999985832721,0.527862191200256,0.0203895829617977,0.290794,34.9599990844727,8.26299953460693,0.016445,0.018071,87.9900512695312,3470.08203125,2297.583984375,2642.25634765625,-32.057804107666,1.87143731117249,82.4659729003906,42.9481010437012,19.2385311126709,-428.659271240234
"species",46,46,0.000130999993416481,2.03247332572937,0.117459394037724,0.238357,32.6049995422363,8.2480001449585,0.0143,0.010202,91.1800384521484,3545.22436523438,1385.41772460938,2834.14404296875,-28.7088470458984,0.533950626850128,177.991775512695,8.21604919433594,0.504115223884583,-3019.56274414062
"species",47,47,0.0390739999711514,0.153037309646606,0.00724927755072713,3.914728,40.8730010986328,8.08899974822998,0.000805,0.00895,-18.525369644165,3617.48022460938,3850.14453125,2962.68310546875,75.4777526855469,0.0117845116183162,1.89036381244659,0.0808221101760864,0.0344942472875118,-2.1435399055481
"species",48,48,0.000303000007988885,0.962219834327698,0.0272434242069721,2.544441,39.7280006408691,8.0959997177124,0.000363,0.001886,58.0925941467285,3499.81372070312,6809.3427734375,2961.86840820312,-54.4742813110352,1.67283952236176,75.2520599365234,9.43724250793457,0.445473253726959,-854.615234375
"species",49,49,8.80000006873161e-05,1.67328941822052,0.22478823363781,0.35141,40.8950004577637,8.12600040435791,0.000157,0.000481,22.5636711120605,3623.46997070312,2085.17919921875,2949.78662109375,-66.4969100952148,-0.531550049781799,355.677062988281,3.85333800315857,0.50217193365097,-3001.42260742188
"species",50,50,8.3999999333173e-05,1.05803251266479,0.0471468865871429,0.616719,40.1290016174316,8.11999988555908,0.000231,0.000613,24.6301250457764,3600.44580078125,2640.57397460938,2962.46508789062,13.6931867599487,0.516537129878998,267.534210205078,24.9463500976562,6.26287937164307,-1689.95825195312
"species",51,51,0.000100999997812323,0.613313674926758,0.0393353477120399,0.624359,39.4620018005371,8.13000011444092,0.000263,0.000705,7.73765420913696,3621.94213867188,9436.9658203125,2953.5576171875,-36.9437599182129,1.92215359210968,175.281555175781,5.7890944480896,1.38957476615906,-1112.10595703125
"species",52,52,9.50000030570664e-05,1.50326645374298,0.186247363686562,0.501558,40.4090003967285,8.11699962615967,8.7e-05,0.000485,47.0724754333496,3609.70703125,3025.46850585938,2946.46020507812,78.5463333129883,0.376047849655151,288.202667236328,4.55833721160889,-0.47511813044548,-2753.265625
"species",53,53,9.40000027185306e-05,1.26904737949371,0.0999597758054733,0.650943,40.3860015869141,8.11600017547607,0.000157,0.000565,1.64948177337646,3576.32495117188,2770.18774414062,2955.65478515625,-6.74477958679199,-2.62627649307251,232.965133666992,32.6638488769531,7.033531665802,-1829.677734375
"species",54,54,9.7999996796716e-05,1.16252636909485,0.0988808795809746,0.679377,40.6269989013672,8.11299991607666,0.000152,0.000532,-8.43930053710938,3568.45532226562,3010.7900390625,2957.662109375,-81.1734085083008,-0.128829449415207,221.791152954102,9.15683555603027,-1.69318699836731,-2379.35473632812
"species",55,55,9.7999996796716e-05,1.35344290733337,0.0509781502187252,0.631946,40.701000213623,8.11499977111816,0.00017,0.000449,-62.5387535095215,3585.462890625,2715.69775390625,2952.57934570312,-68.7921829223633,0.782807469367981,243.128372192383,7.75434398651123,0.256630092859268,-2482.69091796875
"species",56,56,9.7999996796716e-05,0.970672309398651,0.06285560131073,0.970452,39.8559989929199,8.10799980163574,0.000279,0.000899,28.2389888763428,3545.33520507812,4699.185546875,2965.34838867188,-32.2880668640137,2.45256066322327,158.447265625,27.9084739685059,7.71753549575806,-909.3564453125
"species",57,57,0.000102999998489395,1.3663113117218,0.107675455510616,0.893246,40.5260009765625,8.10599994659424,0.000223,0.000571,-3.56203317642212,3556.29370117188,3959.28759765625,2949.25,-88.2265243530273,-0.250114321708679,165.215103149414,10.1637706756592,-1.3673220872879,-1847.72387695312
"species",58,58,8.09999983175658e-05,0.630627036094666,0.0350330732762814,0.645696,40.3979988098145,8.12199974060059,0.000254,0.000758,-7.68838596343994,3613.4677734375,4256.06787109375,2971.42993164062,-29.517147064209,-2.48399639129639,269.819152832031,22.3959770202637,1.26314580440521,-987.831298828125
"species",59,59,0.000121999997645617,1.34563028812408,0.0836754664778709,1.045797,40.3059997558594,8.10000038146973,0.00034,0.00067,36.7375793457031,3535.44848632812,5022.8837890625,2952.13305664062,-41.7478675842285,0.0855814665555954,127.114311218262,8.66190338134766,0.144337758421898,-1431.94970703125
"species",60,60,0.000127000006614253,1.33911001682281,0.0559755302965641,1.316996,40.1609992980957,8.0959997177124,0.000333,0.000901,50.231861114502,3524.84521484375,5755.25048828125,2954.439453125,-29.2849025726318,0.952141463756561,100.371894836426,12.0917158126831,-0.51901388168335,-1389.26916503906
"species",61,61,9.20000020414591e-05,0.800638139247894,0.0276026055216789,0.514637,39.8520011901855,8.13399982452393,4.7e-05,0.000324,-17.1978740692139,3627.83642578125,3572.45166015625,2969.78125,-17.2386837005615,-5.47873783111572,286.136840820312,23.8062419891357,-1.6347736120224,-1653.05969238281
"species",62,62,9.10000017029233e-05,0.792390465736389,0.0246138852089643,0.533875,39.7680015563965,8.13000011444092,6.3e-05,0.000416,40.3732299804688,3626.525390625,3869.87524414062,2967.19750976562,-36.8561973571777,-0.0836762711405754,280.649963378906,29.8307037353516,4.07190227508545,-1375.50952148438
"species",63,63,9.50000030570664e-05,0.763603031635284,0.0197589807212353,0.517749,40.3880004882812,8.13300037384033,4.2e-05,0.000311,27.930154800415,3631.87890625,2440.73193359375,2974.88891601562,-22.2433700561523,-0.990740716457367,339.935424804688,30.7197074890137,-0.644833087921143,-1832.48022460938
"species",64,64,9.00000013643876e-05,0.893697679042816,0.0390945263206959,0.673378,40.2089996337891,8.11699962615967,0.000275,0.000717,5.55624151229858,3588.02270507812,3243.05517578125,2965.44604492188,-16.8539085388184,-1.97256517410278,238.409805297852,21.5054874420166,-0.552126228809357,-1503.51098632812
"species",65,65,9.40000027185306e-05,0.771127700805664,0.0372357964515686,0.526745,40.5190010070801,8.13000011444092,4.1e-05,0.000263,0.317139148712158,3630.48046875,2032.6240234375,2966.71704101562,-33.9512252807617,1.38336384296417,359.593475341797,5.48563480377197,0.826322197914124,-1855.80297851562
"species",66,66,9.10000017029233e-05,1.55229318141937,0.205034121870995,0.38322,41.0789985656738,8.12600040435791,9.4e-05,0.000419,-0.084819383919239,3618.74682617188,1909.65576171875,2947.3955078125,-84.5022125244141,0.691929578781128,352.414581298828,3.85535740852356,0.266803830862045,-3024.51733398438
"species",67,67,8.19999986561015e-05,1.18513023853302,0.091020442545414,0.51004,40.9910011291504,8.12399959564209,4.6e-05,0.00028,52.5856971740723,3610.8916015625,1671.97875976562,2960.1708984375,-74.3000335693359,0.561995148658752,316.336608886719,20.247257232666,6.42417335510254,-2327.609375
"species",68,68,8.3999999333173e-05,0.562307417392731,0.0367179997265339,0.695359,40.1599998474121,8.12100028991699,0.000332,0.000865,24.377571105957,3610.17309570312,4470.36083984375,2971.93920898438,-39.9934844970703,0.35699588060379,258.923522949219,18.6766109466553,11.989369392395,-846.884765625
"species",69,69,9.50000030570664e-05,1.06820297241211,0.0800851732492447,0.571417,40.6080017089844,8.11699962615967,0.000123,0.000451,56.4277153015137,3579.13403320312,2436.57934570312,2949.00122070312,-74.4565963745117,0.123990245163441,257.227752685547,5.08630561828613,-0.266689538955688,-2739.66723632812
"species",70,70,0.0148109998553991,0.235172137618065,0.0562365800142288,4.498952,39.0120010375977,8.12199974060059,0.000441,0.005202,29.8159885406494,3592.634765625,22734.7265625,2953.86083984375,-84.1921768188477,0.0438632369041443,7.05834197998047,0.388952821493149,-0.0400364845991135,-11.6450004577637
"species",71,71,0.0183439999818802,0.219902962446213,0.0332620479166508,0.701239,42.5909996032715,8.21300029754639,5.3e-05,0.000883,-6.711754322052,3635.96997070312,220.587356567383,3032.93579101562,-8.44865798950195,0.064676009118557,3.48352265357971,0.380054205656052,0.170773729681969,-2.78895592689514
"species",72,72,0.0116039998829365,0.183529987931252,0.00651343166828156,1.145765,42.6049995422363,8.20400047302246,5.6e-05,0.000769,-33.0322341918945,3640.31005859375,281.705078125,3009.95874023438,38.9482154846191,0.0408093295991421,23.410493850708,0.155349791049957,-0.0836762711405754,-16.0387516021729
"species",73,73,0.014653000049293,0.226110994815826,0.0378180183470249,0.752988,42.9620018005371,8.21199989318848,5.4e-05,0.000896,0.0747599452733994,3635.58154296875,216.323043823242,3033.99487304688,60.1889572143555,-0.034636490046978,9.25754451751709,0,-0.00651577487587929,-2.1851851940155
"species",74,74,0.000113000001874752,1.39258134365082,0.0921196565032005,0.386588,43.2709999084473,8.21599960327148,3.7e-05,0.000597,18.7916088104248,3636,241.455764770508,2958.96020507812,-76.6063079833984,0.384659349918365,35.0636711120605,3.92352533340454,0.716049373149872,-221.272064208984
"species",75,75,0.0142419999465346,0.20059472322464,0.0406414195895195,0.604387,42.617000579834,8.21399974822998,4.6e-05,0.000745,14.3091335296631,3637.25830078125,192.619323730469,3009.9345703125,-36.4559326171875,0.226543202996254,4.65821886062622,1.2563099861145,1.00236630439758,-7.03583669662476
"species",76,76,0.0102690001949668,0.243518590927124,0.0493300147354603,3.079474,39.1860008239746,8.13500022888184,0.000507,0.006749,36.5344085693359,3634.3701171875,28773.255859375,2880.66381835938,-30.5453624725342,0.166736453771591,3.81429219245911,0.660982549190521,0.166828572750092,-8.30815029144287
"species",77,77,0.0207090005278587,0.215632647275925,0.0596645474433899,6.8888,37.9020004272461,8.10799980163574,0.003126,0.042313,25.127326965332,3590.4912109375,21674.826171875,2966.4765625,-25.6737022399902,0.10012274980545,3.3011360168457,0.770804286003113,0.102239601314068,-5.72420310974121
"species",78,78,0.00819000042974949,0.294398128986359,0.0519029200077057,3.72602,39.1430015563965,8.12899971008301,0.000428,0.005806,56.0448112487793,3591.36157226562,25656.4453125,2920.63793945312,-77.7309112548828,0.0611949414014816,14.4986667633057,0.129591524600983,-0.0152796832844615,-17.9154472351074
"species",79,79,0.000104999999166466,1.17353355884552,0.24066749215126,0.230435,39.9959983825684,8.20899963378906,0.000574,0.006745,98.3322830200195,3632.07763671875,72.8865051269531,2941.109375,-13.6108627319336,0.244185119867325,3.95106148719788,12.7772626876831,6.28328800201416,-77.768798828125
"species",80,80,0.00611800001934171,0.228697374463081,0.0556147135794163,0.067644,39.1310005187988,8.23900032043457,0.005645,0.016985,55.4130744934082,3642.78247070312,413.518341064453,2727.3349609375,46.9655456542969,0.0621883906424046,1.62824964523315,0.824608266353607,0.502774834632874,-5.57859992980957
"species",81,81,0.029492000117898,0.187035709619522,0.02997194416821,11.151297,37.898998260498,8.09099960327148,0.000528,0.006629,-0.644566357135773,3455.91235351562,13588.4580078125,2973.24951171875,89.4593811035156,0,4.70609378814697,0,0.0502972118556499,-2
"species",82,82,0.0177539996802807,0.281451970338821,0.0802508965134621,5.539098,38.8219985961914,8.11499977111816,0.001214,0.014824,62.6779975891113,3596.244140625,20238.4453125,2937.13061523438,-73.4321441650391,0.23689030110836,2.19301128387451,1.0129599571228,0.893078684806824,-5.63892507553101
"species",83,83,0.00800099968910217,0.208225667476654,0.0289053563028574,2.875716,39.5349998474121,8.13799953460693,0.000527,0.006852,33.2583351135254,3659.00537109375,28286.822265625,2900.26977539062,19.8849277496338,0.148535341024399,2.68479132652283,0.532997667789459,0.189230114221573,-5.7080283164978
"species",84,84,0.00890200026333332,0.222176417708397,0.0464341677725315,7.936874,38.6240005493164,8.10400009155273,0.003403,0.035875,-1.34895598888397,3587.13598632812,21439.28515625,2976.55883789062,-30.7315578460693,0.0618046037852764,16.6331348419189,0.00373418675735593,0.0192805975675583,-11.9259643554688
"species",85,85,0.00595299992710352,0.202070325613022,0.0364386476576328,0.097048,39.0709991455078,8.24899959564209,0.00792,0.020737,79.3810729980469,3637.42553710938,657.175109863281,2799.5869140625,15.9982957839966,0.450317203998566,2.56783151626587,1.10631537437439,1.73780965805054,-9.63852977752686
"species",86,86,0.000310000003082678,0.357567757368088,0.0190039221197367,0.085168,39.3629989624023,8.23900032043457,0.003323,0.009969,49.1265449523926,3646.99584960938,410.45166015625,2788.15942382812,-11.6676950454712,0.0679012313485146,109.291152954102,0.194444447755814,0.00205761310644448,-40.0041160583496
"species",87,87,0.0148940002545714,0.145985707640648,0.0143050085753202,2.858205,41.7789993286133,8.11800003051758,0.000389,0.004569,-42.0737342834473,3634.68359375,3887.14208984375,2961.79125976562,-13.9132671356201,0.179150283336639,3.09809350967407,0.317198693752289,0.138733193278313,-5.29485750198364
"species",88,88,0.00488599995151162,0.165825083851814,0.028562493622303,1.043617,32.867000579834,8.02000045776367,0.065023,0.028549,40.1538124084473,3303.36669921875,7645.232421875,2328.26147460938,-44.3842849731445,0.0880001559853554,3.0305609703064,0.551703691482544,0.146315380930901,-6.73248958587646
"species",89,89,0.0276870001107454,0.118861816823483,0.021093400195241,12.547955,38.798999786377,8.04199981689453,0.000718,0.010416,-15.8958330154419,3436.27294921875,12041.7529296875,2953.42211914062,61.8125,-0.0150462966412306,2.09345078468323,0,0.0451388880610466,-2.07523155212402
